 -7.2353678e-001 -1.4710742e-001
  1.9091154e-001  3.8488701e-001
  2.1391986e-001  5.6782086e-001
  2.8861728e-001  7.7652788e-001
 -8.7278900e-001 -8.5988815e-002
 -8.7309704e-001 -9.5525618e-002
  2.0771007e-001  4.8855904e-001
 -1.8349026e-001 -3.3074285e-001
 -1.2238986e-001 -1.3931190e-001
 -8.4117358e-001 -1.1841928e-001
 -1.8467290e-001 -3.4519950e-001
 -7.7419850e-001 -1.7377494e-001
  9.9421665e-001  2.2483824e+000
  4.1178227e-001  1.0166565e+000
 -6.9111403e-002 -1.1645401e-001
 -7.5901662e-001 -1.6598327e-001
  5.0153562e-001  1.3236134e+000
  9.3050479e-001  2.2269316e+000
  7.3347105e-001  1.9727797e+000
  7.5952771e-001  2.0442355e+000
 -6.5267986e-001 -2.3200333e-001
 -4.2453717e-001 -3.3860905e-001
  7.0260627e-001  1.9023538e+000
 -7.4879695e-002 -1.7397474e-001
  9.9431389e-001  2.1866186e+000
 -4.3781397e-001 -3.8118587e-001
 -2.8364276e-001 -3.0820540e-001
  4.8001394e-001  1.3577127e+000
  9.3239515e-002  1.4621651e-001
  1.4289493e-001  3.3747152e-001
 -8.5229482e-001 -2.2792173e-002
 -8.3352136e-001 -4.8015073e-002
 -6.0496865e-001 -2.7740979e-001
  7.9361532e-001  2.1492411e+000
  3.4702181e-001  8.7746855e-001
  2.1468244e-001  5.6531746e-001
 -8.9669817e-001 -6.3127832e-003
  1.5691145e-002 -1.5588613e-002
 -3.9808676e-001 -4.2198489e-001
 -5.1891561e-001 -3.4371717e-001
  5.5199061e-001  1.4322714e+000
  7.8502726e-001  2.0390309e+000
 -8.9386082e-001 -1.0056676e-002
  1.1326743e-001  1.8530421e-001
 -6.9730315e-001 -2.6533900e-001
  9.7867395e-001  2.2465770e+000
  5.2421456e-002  8.0440757e-002
  7.3009828e-002  2.1773235e-001
  4.2495086e-001  1.1610603e+000
  6.3746683e-001  1.6830288e+000
  7.4820288e-001  2.0827546e+000
  2.4342302e-001  6.6215228e-001
 -9.7878680e-001  1.0586615e-001
 -5.5545696e-001 -3.3862896e-001
 -8.9476766e-001  4.3491361e-002
  2.8911202e-002 -3.7429787e-003
  7.8567175e-001  2.1351814e+000
  1.5924904e-001  4.0658821e-001
  2.5609548e-001  6.5659188e-001
 -7.1141407e-001 -1.9539553e-001
  4.9723115e-001  1.3637413e+000
 -4.3867789e-001 -4.5898585e-001
  7.3756044e-001  1.9924008e+000
  6.0424887e-001  1.6302076e+000
 -2.3245410e-002 -1.5838888e-002
  9.4714084e-001  2.2195886e+000
  5.4323187e-002  8.5347813e-002
 -5.6488357e-001 -3.9812206e-001
 -6.0683088e-001 -3.4414828e-001
 -9.6461555e-001  3.6409564e-002
 -3.1134424e-001 -3.8546677e-001
  6.7060218e-001  1.7903752e+000
 -4.5066974e-001 -3.3641289e-001
  3.1512839e-001  7.2639470e-001
 -6.6046007e-001 -2.8734460e-001
 -4.1074054e-001 -3.3924152e-001
 -2.5877998e-001 -2.8349784e-001
  2.9785818e-001  6.9311206e-001
  1.3555886e-001  3.1707591e-001
  2.4474138e-002  4.0779771e-002
 -8.7916270e-001  2.9699767e-002
  5.5565070e-001  1.5625509e+000
 -9.3998285e-001  9.3391738e-002
  3.6075256e-001  8.9237627e-001
  7.8548662e-001  2.0047407e+000
 -2.5795074e-001 -3.9202273e-001
  2.4724959e-001  6.4693997e-001
  3.8534963e-001  1.0830578e+000
  5.6995721e-001  1.5150589e+000
  2.6482510e-001  7.1345941e-001
  3.8057261e-001  1.0657314e+000
  6.0524621e-001  1.6074696e+000
 -2.4842693e-001 -3.2226669e-001
 -9.0425240e-001  3.9880691e-002
 -7.9400010e-001 -1.7271971e-001
  8.0991301e-002  1.2017937e-001
  6.9866982e-001  1.9312283e+000
  6.4938717e-002  1.5007604e-001
  8.1721882e-001  2.1198709e+000
 -8.2068910e-001 -1.1953250e-001
  7.2789127e-001  1.8998926e+000
  7.1490315e-001  1.8524998e+000
  7.6579137e-001  2.1029262e+000
 -8.5127904e-001 -1.3209732e-001
 -3.1568222e-001 -3.2676752e-001
 -5.4357350e-001 -3.6855364e-001
  6.8881966e-001  1.8427592e+000
 -7.3180994e-001 -2.6927315e-001
  7.6259645e-001  2.0596903e+000
 -6.1265375e-001 -2.5278348e-001
  6.9324689e-001  1.8574604e+000
 -5.8403807e-001 -3.8733108e-001
  3.4107903e-001  8.8739974e-001
 -5.6710817e-001 -3.4429227e-001
 -8.7050544e-001 -7.5402002e-002
 -1.4174966e-001 -2.9774945e-001
 -3.9384229e-001 -4.1486118e-001
  1.7112862e-001  4.1714282e-001
 -5.0842886e-001 -4.4149986e-001
  4.8010549e-001  1.3248334e+000
 -5.5395880e-001 -3.0596271e-001
 -9.9916289e-001  1.3603084e-001
 -9.9414485e-001  9.0733510e-002
  8.5139703e-001  2.2224106e+000
 -9.2061518e-001  3.5763942e-002
  7.4149465e-002  1.8922773e-001
 -6.1677088e-001 -2.4587012e-001
 -6.7269872e-001 -3.1780539e-001
  3.9448968e-001  1.1010206e+000
  3.3744391e-001  9.3235491e-001
  5.6878840e-001  1.5917451e+000
  4.4108459e-002  7.0508097e-002
  5.9163746e-001  1.6523670e+000
  1.5614861e-001  3.0505818e-001
  3.0632006e-002  1.3248771e-001
 -2.2224132e-001 -3.6339000e-001
  1.6036463e-001  3.8280363e-001
 -1.4140801e-002 -1.0301305e-001
  1.1786132e-001  3.0485510e-001
  7.0922881e-001  1.8874734e+000
  3.8291990e-001  9.7802791e-001
 -9.0934163e-001 -6.8400936e-002
  8.0211896e-001  2.0943949e+000
 -4.9149047e-001 -3.3226956e-001
  1.1139136e-001  3.0859144e-001
  2.2648018e-001  5.3158127e-001
  6.4034139e-001  1.7147313e+000
  9.7040632e-002  2.4283055e-001
 -9.4745847e-001  5.6845889e-002
  6.7504409e-001  1.8833712e+000
  9.2150985e-001  2.2190700e+000
  6.6231587e-001  1.7314239e+000
 -1.9551217e-001 -2.2052768e-001
  6.3774685e-003  8.2508442e-003
  3.0529452e-001  8.3092008e-001
  3.9218607e-001  1.0881806e+000
  5.5944714e-001  1.5869391e+000
  7.5687166e-001  2.0015382e+000
 -5.3997681e-001 -3.8661132e-001
  6.0072201e-001  1.6636094e+000
  5.0644063e-001  1.4002865e+000
  9.6467190e-001  2.2145044e+000
 -7.7781454e-001 -2.2352672e-001
  4.3372781e-001  1.0787350e+000
  3.3337368e-001  7.9624003e-001
 -6.4404066e-001 -3.2040452e-001
 -2.9063471e-001 -4.4422125e-001
 -2.2038549e-001 -2.8089935e-001
  1.7016194e-001  3.8291523e-001
 -6.1078296e-001 -3.3594265e-001
 -6.5374542e-001 -3.5040568e-001
  8.3574732e-001  2.2063495e+000
 -2.9090971e-001 -3.0143813e-001
 -8.6374734e-001 -1.1764771e-002
 -6.0716623e-001 -3.8456586e-001
  7.0885600e-003 -3.8764008e-002
 -2.1447738e-001 -2.6558129e-001
  8.1061419e-001  2.0973098e+000
 -5.1322713e-001 -3.1685263e-001
 -5.3422847e-001 -3.4920012e-001
 -9.6786915e-001  8.6577229e-003
 -9.9956387e-002 -1.2218216e-001
  3.9105841e-001  1.0335697e+000
  4.1189433e-001  1.0415509e+000
 -8.0020261e-002 -8.3979365e-002
 -8.0451433e-001 -1.7480240e-001
  2.9851403e-001  7.6565605e-001
  2.5489478e-001  5.8299487e-001
 -7.0208044e-001 -1.7532368e-001
 -5.9586085e-001 -3.0977723e-001
  3.2542846e-001  7.7194489e-001
 -3.4110800e-001 -4.3432425e-001
 -4.3910426e-001 -3.5498420e-001
 -1.7698694e-001 -2.1476749e-001
  7.0712385e-001  1.9234575e+000
 -3.9094007e-001 -3.3807675e-001
  5.1937045e-001  1.4841802e+000
  9.4390581e-002  1.7167209e-001
  5.5564040e-001  1.5181026e+000
  5.7412219e-001  1.5538982e+000
