  1.0053932e-003 -1.4153338e-002
 -1.0451428e-002  4.4903665e-002
 -5.6862085e-004 -5.0400710e-003
 -1.1136550e-002 -4.9701595e-002
 -2.8472171e-003  2.9503567e-002
 -8.6449448e-003  2.6756561e-002
 -9.1237096e-003  3.8580775e-002
  9.5302219e-005 -1.1623025e-002
 -1.0477029e-002  3.5729640e-003
 -5.7107790e-003  2.6087572e-002
 -1.0343018e-001  3.1926574e-002
 -9.6179341e-002  1.9382138e-002
 -9.3491746e-002 -4.3209161e-003
 -9.3221618e-002  1.9613950e-002
 -1.0059558e-001 -4.5896893e-002
 -1.1121468e-001  2.2126179e-002
 -9.4842529e-002  5.5141217e-003
 -1.0953055e-001  1.7601087e-003
 -1.0176773e-001 -2.7878948e-002
 -1.0405609e-001 -8.7969921e-002
 -1.1241792e-001 -1.1087982e-001
 -9.2093533e-002 -4.0004369e-002
 -1.1494944e-001 -9.5426579e-002
 -1.0658922e-001 -1.4149041e-001
 -1.0175205e-001 -1.1744266e-001
 -1.1123510e-001 -1.5747682e-001
 -1.1216225e-001 -8.7133497e-002
 -9.3325915e-002 -1.0347893e-001
 -1.1215602e-001 -8.6382010e-002
 -1.0238356e-001 -1.1122889e-001
 -1.0840866e-001 -1.8489408e-001
 -1.0571472e-001 -1.7363719e-001
 -1.0072036e-001 -1.6276848e-001
 -1.0391733e-001 -1.4467144e-001
 -1.1233284e-001 -1.8647715e-001
 -1.0518384e-001 -1.4756707e-001
 -9.9466299e-002 -1.9590465e-001
 -9.7055914e-002 -1.6721180e-001
 -1.1425596e-001 -1.3592766e-001
 -1.0191808e-001 -1.1454871e-001
 -1.0759821e-001 -2.0213697e-001
 -9.1490738e-002 -1.6461396e-001
 -1.1066447e-001 -1.6700552e-001
 -1.0414434e-001 -1.8500868e-001
 -1.1062083e-001 -1.7380791e-001
 -1.0471324e-001 -1.5232204e-001
 -1.1171406e-001 -1.4756916e-001
 -9.6691807e-002 -2.0658282e-001
 -9.3967010e-002 -1.3223898e-001
 -9.6615230e-002 -2.2042482e-001
 -1.0672544e-001 -1.6275834e-001
 -1.1199777e-001 -1.7433805e-001
 -1.0909960e-001 -1.3928713e-001
 -1.0872423e-001 -1.9956131e-001
 -1.0348025e-001 -1.2725562e-001
 -1.0000538e-001 -1.9810732e-001
 -1.0251687e-001 -1.4570249e-001
 -9.4556622e-002 -1.6316398e-001
 -9.9412704e-002 -1.7960198e-001
 -9.9107426e-002 -2.2093555e-001
 -9.6858086e-002 -2.0180791e-001
 -1.0751424e-001 -1.7107742e-001
 -9.2293989e-002 -1.7353434e-001
 -9.6369446e-002 -1.5881346e-001
 -9.1669790e-002 -1.9315893e-001
 -1.0509874e-001 -1.7171589e-001
 -9.6970426e-002 -1.6671112e-001
 -1.0241714e-001 -1.8129585e-001
 -1.1480004e-001 -1.5493858e-001
 -1.0048945e-001 -1.4373636e-001
 -1.0730757e-001 -1.3250393e-001
 -9.5395759e-002 -1.5449545e-001
 -9.7781794e-002 -1.8305864e-001
 -9.6903496e-002 -1.3062344e-001
 -9.3295359e-002 -2.1386347e-001
 -9.7347056e-002 -1.6749624e-001
 -1.0543136e-001 -1.9072478e-001
 -9.4189842e-002 -2.1773694e-001
 -1.0054615e-001 -1.9460655e-001
 -3.9795511e-001 -2.1612096e-001
 -4.0891280e-001 -1.9729218e-001
 -4.0710029e-001 -1.4818618e-001
 -4.0115047e-001 -1.9251236e-001
 -4.0122795e-001 -2.0187785e-001
 -3.9451757e-001 -1.9012554e-001
 -3.9708225e-001 -2.4487859e-001
 -4.0837797e-001 -2.5830598e-001
 -4.1645865e-001 -2.7177533e-001
 -4.0473864e-001 -2.3549687e-001
 -3.9699829e-001 -2.9701625e-001
 -4.0546950e-001 -2.7374006e-001
 -4.1399809e-001 -3.0970241e-001
 -4.0422795e-001 -3.0979905e-001
 -4.1081964e-001 -3.3196039e-001
 -4.0135638e-001 -2.8950288e-001
 -4.1485751e-001 -3.6334327e-001
 -4.1319297e-001 -2.8971293e-001
 -3.9766544e-001 -3.7191095e-001
 -4.0829192e-001 -3.3108255e-001
 -4.1531130e-001 -3.8097300e-001
 -3.9726951e-001 -3.9803178e-001
 -4.1585798e-001 -3.5157115e-001
 -4.1167111e-001 -3.6425818e-001
 -4.0579235e-001 -3.9329538e-001
 -3.9666512e-001 -3.5517112e-001
 -4.1225013e-001 -3.9337535e-001
 -3.9853151e-001 -3.8887218e-001
 -4.0116056e-001 -4.0080405e-001
 -4.1646000e-001 -4.2971325e-001
 -3.9622920e-001 -4.1605177e-001
 -4.0563799e-001 -3.9456289e-001
 -4.0757167e-001 -3.6783907e-001
 -4.1221457e-001 -4.0423599e-001
 -4.0442053e-001 -4.1791361e-001
 -4.0389192e-001 -3.4233879e-001
 -4.0848952e-001 -4.1166572e-001
 -4.1740288e-001 -4.0197992e-001
 -4.0031324e-001 -3.6783489e-001
 -4.1728098e-001 -4.3986365e-001
 -3.9883173e-001 -4.4233017e-001
 -4.1305758e-001 -3.8988861e-001
 -3.9804011e-001 -4.1628394e-001
 -3.9863148e-001 -4.4002100e-001
 -4.1273765e-001 -3.5608773e-001
 -4.0504492e-001 -3.6675688e-001
 -4.0327615e-001 -4.4028144e-001
 -4.1416672e-001 -3.9687632e-001
 -4.0351167e-001 -4.2766370e-001
 -3.9687588e-001 -4.2970516e-001
 -3.9681005e-001 -3.9841278e-001
 -3.9921191e-001 -3.5105506e-001
 -4.0679105e-001 -3.9136797e-001
 -4.1641511e-001 -4.4556063e-001
 -4.0356015e-001 -4.2389310e-001
 -4.1642651e-001 -3.5909949e-001
 -4.0212262e-001 -3.7607545e-001
 -4.0674362e-001 -3.7114660e-001
 -3.9979551e-001 -3.8577665e-001
 -3.9407170e-001 -3.5542908e-001
 -4.1268176e-001 -4.4405673e-001
 -4.0478338e-001 -3.5587326e-001
 -3.9534500e-001 -4.4444491e-001
 -4.0792920e-001 -3.7779633e-001
 -4.1473156e-001 -3.7673515e-001
 -4.1070050e-001 -3.6790601e-001
 -3.9961030e-001 -3.7335173e-001
 -4.0338570e-001 -3.6211531e-001
 -4.0286011e-001 -4.0270896e-001
  5.7339255e-002 -3.7788201e-001
  7.1352491e-002 -4.3722253e-001
  6.3387642e-002 -4.0326021e-001
  6.2733886e-002 -4.2191977e-001
  5.2765753e-002 -3.3368432e-001
  6.6510017e-002 -3.0224403e-001
  7.0228061e-002 -3.1559241e-001
  6.5546004e-002 -3.2221926e-001
  5.3908156e-002 -2.2787018e-001
  5.8683289e-002 -2.2586558e-001
  5.3215365e-002 -2.3203255e-001
  6.9788224e-002 -1.2244719e-001
  7.0741545e-002 -9.6355713e-002
  7.2860422e-002 -1.5502000e-001
  6.4512758e-002 -8.1197248e-002
  6.0224922e-002 -4.2440224e-002
  5.8118762e-002 -9.0080151e-002
  6.3033674e-002 -6.2700571e-002
  5.3062178e-002 -5.5689992e-002
  6.1233719e-002  2.7867317e-003
  7.0439973e-002  4.3136959e-002
  6.1361627e-002  3.9369698e-002
  7.1033745e-002  2.0628106e-002
  5.3407016e-002 -8.4655939e-003
  5.8781570e-002  2.8212839e-002
  5.9360263e-002  9.4646531e-002
  7.2016575e-002  3.4426149e-002
  6.4590568e-002  1.0602896e-001
  5.5326112e-002  9.6166864e-002
  6.2555184e-002  1.2770380e-001
  6.9435487e-002  8.7077403e-002
  5.0688736e-002  1.2703700e-001
  5.0478140e-002  1.4052358e-001
  6.8286081e-002  7.4789248e-002
  6.0174040e-002  6.5689097e-002
  6.0864440e-002  1.4746172e-001
  5.3218585e-002  7.8824198e-002
  7.3794798e-002  1.3000504e-001
  6.2445094e-002  8.1517054e-002
  5.3346756e-002  1.1906396e-001
  5.3401223e-002  1.2701804e-001
  5.2951888e-002  1.5900591e-001
  6.3750965e-002  6.9867620e-002
  5.6085504e-002  7.5014264e-002
  6.0241292e-002  7.2284853e-002
  7.0507721e-002  7.6314531e-002
  6.1025010e-002  1.7018807e-001
  5.3640227e-002  1.4799471e-001
  6.6248998e-002  1.4682194e-001
  5.2668574e-002  1.6718366e-001
  6.6214001e-002  1.2399305e-001
  6.8171513e-002  1.4238487e-001
  5.3928252e-002  1.6057961e-001
  6.2093257e-002  8.6198119e-002
  5.0984678e-002  1.7124686e-001
  5.0578280e-002  1.7511351e-001
  6.0211099e-002  1.0366303e-001
  5.3446490e-002  1.5304308e-001
  6.4717021e-002  1.5124497e-001
  4.9977512e-002  8.3643901e-002
  5.1758283e-002  1.4637993e-001
  5.5204442e-002  8.9029997e-002
  7.0759464e-002  1.3252656e-001
  6.3010568e-002  9.8507182e-002
  6.3809344e-002  1.2768976e-001
  5.3018401e-002  1.4875140e-001
  5.1941481e-002  7.9876319e-002
  6.7010184e-002  1.1296792e-001
  5.4142619e-002  8.2231151e-002
 -2.4641501e-001  1.1011264e-001
 -2.4491374e-001  1.7707214e-001
 -2.5743015e-001  1.4557719e-001
 -2.5406160e-001  5.9826807e-002
 -2.6286449e-001  8.5846229e-002
 -2.5423468e-001  3.6850801e-002
 -2.5053516e-001  1.8226242e-002
 -2.6294969e-001  4.6302474e-002
 -2.5072886e-001  1.6010954e-002
 -2.5661102e-001 -2.3140271e-002
 -2.4970668e-001 -1.7189326e-002
 -2.5225924e-001 -1.1294954e-001
 -2.5188052e-001 -8.0244191e-002
 -2.6396009e-001 -8.9819830e-002
 -2.6039510e-001 -1.3193296e-001
 -2.5599928e-001 -1.8932959e-001
 -2.6099919e-001 -2.2923909e-001
 -2.4879090e-001 -1.5077444e-001
 -2.6131910e-001 -1.6868418e-001
 -2.4456293e-001 -2.2315613e-001
 -2.5202169e-001 -2.6958208e-001
 -2.5809877e-001 -2.8530490e-001
 -2.4975554e-001 -2.7085263e-001
 -2.5597317e-001 -2.4884509e-001
 -2.5416867e-001 -2.5708360e-001
 -2.4620080e-001 -3.2258684e-001
 -2.5710583e-001 -2.9795616e-001
 -2.4673857e-001 -3.4097511e-001
 -2.5026034e-001 -3.0390662e-001
 -2.5217449e-001 -2.9349149e-001
 -2.4644428e-001 -3.4419120e-001
 -2.4291909e-001 -2.8993884e-001
 -2.5663196e-001 -3.0694077e-001
 -2.4359518e-001 -3.4730009e-001
 -2.5697774e-001 -3.3149392e-001
 -2.4976240e-001 -3.3496238e-001
 -2.6210380e-001 -3.6979630e-001
 -2.4418413e-001 -3.3244602e-001
 -2.5829318e-001 -3.3581503e-001
 -2.5360019e-001 -3.1924545e-001
 -2.6597706e-001 -2.8976862e-001
 -2.4882710e-001 -2.8766286e-001
 -2.4995190e-001 -3.7166854e-001
 -2.6640268e-001 -3.4747647e-001
 -2.6221007e-001 -3.4766791e-001
 -2.6337569e-001 -3.3722803e-001
 -2.6038331e-001 -3.6789107e-001
 -2.4455538e-001 -3.0059978e-001
 -2.5034475e-001 -3.8818221e-001
 -2.5562251e-001 -3.8607744e-001
 -2.5747062e-001 -3.0201536e-001
 -2.5489098e-001 -3.0081437e-001
 -2.6173485e-001 -3.4206999e-001
 -2.5138237e-001 -2.9486715e-001
 -2.4765798e-001 -3.8146158e-001
 -2.5475585e-001 -3.0507885e-001
 -2.6276255e-001 -3.2813929e-001
 -2.5919937e-001 -3.6526926e-001
 -2.5731208e-001 -3.2522370e-001
 -2.5089260e-001 -3.7085371e-001
 -2.4300212e-001 -3.7327924e-001
 -2.5415488e-001 -3.2048414e-001
 -2.5767350e-001 -3.5455298e-001
 -2.4533104e-001 -3.9500344e-001
 -2.5918471e-001 -3.4428645e-001
 -2.5253967e-001 -3.8727293e-001
 -2.5315983e-001 -3.8312659e-001
 -2.5928463e-001 -3.2284968e-001
 -2.4799281e-001 -3.7716485e-001
 -6.7953641e-001 -3.1892681e-001
 -6.8511441e-001 -3.5986080e-001
 -6.8681896e-001 -3.1987355e-001
 -6.6712168e-001 -3.2239165e-001
 -6.7234657e-001 -3.5516682e-001
 -6.7329433e-001 -3.4436556e-001
 -6.7275469e-001 -2.8323984e-001
 -6.6807815e-001 -3.0325514e-001
 -6.8536321e-001 -2.7620724e-001
 -6.6751158e-001 -3.1406588e-001
 -6.6828361e-001 -2.7439646e-001
 -6.8041677e-001 -2.9386904e-001
 -6.8418634e-001 -2.6833992e-001
 -6.6969653e-001 -3.4196758e-001
 -6.7800446e-001 -3.1843848e-001
 -6.8167088e-001 -3.3859609e-001
 -6.8592244e-001 -2.7894980e-001
 -6.8874205e-001 -2.7952117e-001
 -6.7067889e-001 -2.6330285e-001
 -6.7289392e-001 -2.8726759e-001
 -6.8765984e-001 -2.8672122e-001
 -6.8761544e-001 -3.2369710e-001
 -6.8183135e-001 -2.5703163e-001
 -6.7951820e-001 -2.5343476e-001
 -6.8356865e-001 -2.6894888e-001
 -6.7848977e-001 -3.1790200e-001
 -6.8898704e-001 -2.6368340e-001
 -6.7475172e-001 -2.2992121e-001
 -6.8654735e-001 -3.2080872e-001
 -6.7284926e-001 -2.5478046e-001
 -6.7616771e-001 -2.3739235e-001
 -6.7284599e-001 -3.1769441e-001
 -6.7568464e-001 -2.7606365e-001
 -6.7552863e-001 -2.9852830e-001
 -6.8696772e-001 -2.9823372e-001
 -6.7057667e-001 -2.3272607e-001
 -6.7709501e-001 -2.4786154e-001
 -6.7308119e-001 -2.1794834e-001
 -6.6640093e-001 -2.2274994e-001
 -6.8694115e-001 -3.0823455e-001
 -6.8528787e-001 -2.3665346e-001
 -6.7313965e-001 -2.8026665e-001
 -6.7802787e-001 -2.2010665e-001
 -6.7912162e-001 -2.7151881e-001
 -6.8408847e-001 -2.8009063e-001
 -6.6945747e-001 -2.7831175e-001
 -6.6669063e-001 -2.3725564e-001
 -6.7730721e-001 -2.8898986e-001
 -6.7669279e-001 -3.0339412e-001
 -6.6817941e-001 -2.9318881e-001
 -6.7204693e-001 -2.3414319e-001
 -6.7602022e-001 -2.5554712e-001
 -6.7901052e-001 -2.7753666e-001
 -6.6777634e-001 -3.0768172e-001
 -6.8053361e-001 -2.8147969e-001
 -6.8227050e-001 -2.4022032e-001
 -6.6629891e-001 -2.2908457e-001
 -6.8275612e-001 -2.3513475e-001
 -6.7171099e-001 -2.8766197e-001
 -6.6874186e-001 -2.5401563e-001
 -6.8729330e-001 -2.2782593e-001
 -6.8227873e-001 -2.5414083e-001
 -6.8327546e-001 -2.9303331e-001
 -6.7212141e-001 -3.0869469e-001
 -6.7823028e-001 -2.5272314e-001
 -6.8065366e-001 -2.6460023e-001
 -6.6889407e-001 -3.0809862e-001
 -6.7342499e-001 -2.5436323e-001
 -6.7422495e-001 -2.1742570e-001
 -6.3857870e-001 -2.5510300e-001
 -6.4213184e-001 -2.6209109e-001
 -6.3710725e-001 -2.5186818e-001
 -6.3934581e-001 -2.2883770e-001
 -6.4107747e-001 -2.9906495e-001
 -6.3915037e-001 -2.4980604e-001
 -6.3587565e-001 -2.3611509e-001
 -6.2888461e-001 -2.8174637e-001
 -6.4194707e-001 -3.0835480e-001
 -6.2881092e-001 -3.2366369e-001
 -6.2271247e-001 -3.2685990e-001
 -6.3830917e-001 -2.6320041e-001
 -6.3510699e-001 -3.0722691e-001
 -6.4202723e-001 -3.1722121e-001
 -6.3797187e-001 -2.6496371e-001
 -6.4133767e-001 -2.8450990e-001
 -6.3146103e-001 -2.5246378e-001
 -6.2855225e-001 -3.2195055e-001
 -6.2324178e-001 -3.3386133e-001
 -6.3837111e-001 -2.4270023e-001
 -6.2622298e-001 -2.6116205e-001
 -6.2212222e-001 -2.4670054e-001
 -6.3058582e-001 -2.9608151e-001
 -6.4521087e-001 -2.6206500e-001
 -6.3179801e-001 -2.9789604e-001
 -6.3909700e-001 -3.4129669e-001
 -6.4021608e-001 -3.2391161e-001
 -6.3795637e-001 -2.4861938e-001
 -6.3063678e-001 -3.2666606e-001
 -6.4505249e-001 -2.9836372e-001
 -6.4554424e-001 -2.8122125e-001
 -6.4553570e-001 -2.7045633e-001
 -6.2932605e-001 -2.7899175e-001
 -6.4086179e-001 -2.9429147e-001
 -6.2955529e-001 -2.9667521e-001
 -6.3799033e-001 -2.9349011e-001
 -6.4190907e-001 -2.8333391e-001
 -6.2745660e-001 -3.0682902e-001
 -6.3133469e-001 -3.4913684e-001
 -6.4503139e-001 -2.7281101e-001
 -6.2242044e-001 -2.5461899e-001
 -6.2355887e-001 -3.2895723e-001
 -6.2438771e-001 -2.9884353e-001
 -6.2503640e-001 -2.7515605e-001
 -6.2549386e-001 -3.2628798e-001
 -6.3022241e-001 -3.1130813e-001
 -6.3239907e-001 -2.8258437e-001
 -6.3644436e-001 -2.8788307e-001
 -6.2558413e-001 -2.7431004e-001
 -6.2819457e-001 -2.7638608e-001
 -6.2617296e-001 -2.6901372e-001
 -6.3627503e-001 -3.1925111e-001
 -6.2642813e-001 -2.5813105e-001
 -6.3507660e-001 -3.2250525e-001
 -6.2665870e-001 -2.5278979e-001
 -6.3958935e-001 -3.1582784e-001
 -6.3650752e-001 -3.0128440e-001
 -6.2816637e-001 -2.6197278e-001
 -6.3248891e-001 -3.0477373e-001
 -6.4307610e-001 -2.6200366e-001
 -6.4477504e-001 -2.5928328e-001
 -6.2342704e-001 -2.8484691e-001
 -6.3298486e-001 -3.2393398e-001
 -6.4129313e-001 -2.8675181e-001
 -6.2687681e-001 -2.7267161e-001
 -6.4361259e-001 -3.1876376e-001
 -6.4474276e-001 -3.1312794e-001
 -6.4292770e-001 -3.0818160e-001
 -6.3960241e-001 -2.9365765e-001
  2.2856461e-001 -3.0605474e-001
  2.1920453e-001 -2.7077594e-001
  2.2638366e-001 -3.2586731e-001
  2.2707608e-001 -2.5389722e-001
  2.2389278e-001 -2.5149725e-001
  2.3426482e-001 -1.5537211e-001
  2.1963422e-001 -1.0985179e-001
  2.2255753e-001 -8.7568804e-002
  2.3222371e-001 -8.7487134e-002
  2.2401408e-001 -5.7158062e-003
  2.1866819e-001  7.9547941e-002
  2.2560841e-001  1.0592323e-001
  2.2137675e-001  7.3305531e-002
  2.3424616e-001  1.2704732e-001
  2.2748504e-001  1.8966548e-001
  2.2225301e-001  2.3987102e-001
  2.3101329e-001  2.8599676e-001
  2.2812885e-001  2.9087091e-001
  2.3843263e-001  3.0958616e-001
  2.3535814e-001  3.1619762e-001
  2.2014206e-001  3.3100057e-001
  2.3023838e-001  4.0975874e-001
  2.3897701e-001  4.2945837e-001
  2.1716246e-001  3.9310838e-001
  2.2843178e-001  3.7252720e-001
  2.2091482e-001  4.4790358e-001
  2.3482617e-001  4.2798974e-001
  2.2988781e-001  4.8829377e-001
  2.3940341e-001  4.6062461e-001
  2.2901239e-001  4.4963339e-001
  2.3739019e-001  4.5045198e-001
  2.2404477e-001  5.2985533e-001
  2.2867514e-001  4.9286945e-001
  2.3473773e-001  4.9193479e-001
  2.3791835e-001  4.6773407e-001
  2.3501915e-001  4.9656088e-001
  2.2520849e-001  4.8100267e-001
  2.2222215e-001  5.5156159e-001
  2.1925650e-001  4.7820676e-001
  2.3355993e-001  5.5136242e-001
  2.2190247e-001  5.3731645e-001
  2.3152009e-001  5.0926371e-001
  2.3965772e-001  4.8260674e-001
  2.3129240e-001  5.5390759e-001
  2.3784819e-001  5.6380875e-001
  2.2776516e-001  5.8364285e-001
  2.3861428e-001  5.7416117e-001
  2.3328925e-001  5.8808380e-001
  2.3790046e-001  5.0574689e-001
  2.2098381e-001  5.2359293e-001
  2.2519370e-001  5.0116587e-001
  2.3459050e-001  5.7196597e-001
  2.3514550e-001  5.5988350e-001
  2.2827635e-001  5.2741861e-001
  2.2717127e-001  5.5528793e-001
  2.2720783e-001  5.1060461e-001
  2.1859326e-001  5.2176457e-001
  2.2276442e-001  4.9730108e-001
  2.2460821e-001  4.9921865e-001
  2.2876309e-001  5.1322353e-001
  2.2896270e-001  5.4066824e-001
  2.2701067e-001  5.1263011e-001
  2.2038316e-001  5.8066929e-001
  2.3719507e-001  5.5090767e-001
  2.2270199e-001  5.9167410e-001
  2.3936594e-001  5.2566034e-001
  2.3877671e-001  5.1321762e-001
  2.3907268e-001  5.1403145e-001
  2.1813725e-001  5.9827284e-001
  1.6367571e-001  5.3792502e-001
  1.5939060e-001  5.1484233e-001
  1.4857477e-001  5.6361922e-001
  1.5160787e-001  5.4616285e-001
  1.6393586e-001  5.2388002e-001
  1.5575229e-001  5.3772078e-001
  1.4346444e-001  5.0592507e-001
  1.5803317e-001  4.7796114e-001
  1.6290203e-001  4.7680890e-001
  1.5322345e-001  4.4845834e-001
  1.6390979e-001  4.6764033e-001
  1.5891380e-001  4.5369678e-001
  1.5569501e-001  4.2386821e-001
  1.5597920e-001  4.2694447e-001
  1.5217224e-001  4.3936668e-001
  1.5594543e-001  4.6312325e-001
  1.4655632e-001  4.3139454e-001
  1.5390782e-001  4.4225834e-001
  1.4906493e-001  4.1590018e-001
  1.4625080e-001  3.9703997e-001
  1.4699750e-001  3.7006397e-001
  1.4842089e-001  3.5634078e-001
  1.5480665e-001  4.0651051e-001
  1.5878509e-001  4.2013806e-001
  1.5552662e-001  4.0844119e-001
  1.6478534e-001  4.0145415e-001
  1.5765652e-001  3.7927185e-001
  1.5772262e-001  3.6315691e-001
  1.4319129e-001  3.4431938e-001
  1.5924607e-001  3.7812512e-001
  1.5821892e-001  3.2320147e-001
  1.4653082e-001  3.9607885e-001
  1.4729160e-001  3.8575398e-001
  1.4321290e-001  3.9600833e-001
  1.6284936e-001  3.7420362e-001
  1.4335293e-001  3.8641883e-001
  1.5782295e-001  3.2069641e-001
  1.4971284e-001  3.0882246e-001
  1.4779355e-001  3.3681504e-001
  1.4342368e-001  3.6515301e-001
  1.4158841e-001  3.3974634e-001
  1.5032151e-001  3.5444209e-001
  1.4613699e-001  3.9191414e-001
  1.5823856e-001  3.7906648e-001
  1.5342064e-001  3.8717506e-001
  1.4717208e-001  3.5706506e-001
  1.6088435e-001  3.4999378e-001
  1.5978545e-001  3.4852146e-001
  1.5688646e-001  3.3345393e-001
  1.5073191e-001  3.5846280e-001
  1.6020778e-001  3.8303701e-001
  1.6191166e-001  3.0481227e-001
  1.4183517e-001  3.0979668e-001
  1.5834816e-001  3.5368152e-001
  1.5662749e-001  3.6489070e-001
  1.4615778e-001  3.6610245e-001
  1.4887014e-001  3.8008243e-001
  1.5132953e-001  3.8349014e-001
  1.5449871e-001  3.7907573e-001
  1.5596902e-001  3.5679810e-001
  1.4362603e-001  3.8673842e-001
  1.4742816e-001  3.5704178e-001
  1.5039161e-001  3.7624505e-001
  1.5577633e-001  3.9721926e-001
  1.5422975e-001  3.2546456e-001
  1.6413264e-001  3.9616828e-001
  1.5056086e-001  3.4727240e-001
  1.5194364e-001  3.6963136e-001
  1.4771800e-001  3.6499696e-001
  9.2207662e-002  3.2694200e-001
  8.6524141e-002  3.9439679e-001
  9.0017599e-002  3.1247132e-001
  9.9725585e-002  3.4745205e-001
  9.7129149e-002  3.6900735e-001
  8.9705623e-002  3.5723721e-001
  8.7871150e-002  2.7847139e-001
  8.5307847e-002  3.0423726e-001
  9.1426343e-002  2.6325619e-001
  8.7577732e-002  3.1484319e-001
  9.1325319e-002  3.2395087e-001
  7.8640903e-002  2.4189978e-001
  8.5010560e-002  3.0847096e-001
  8.7433526e-002  3.0561631e-001
  9.9113336e-002  2.2354543e-001
  9.2262729e-002  2.8909615e-001
  8.0530122e-002  2.3396939e-001
  8.0414920e-002  2.8390602e-001
  7.8747306e-002  2.0368720e-001
  9.7757404e-002  2.5451696e-001
  8.7052648e-002  2.4592585e-001
  8.8062951e-002  2.6540255e-001
  8.8581714e-002  2.3921540e-001
  9.7050558e-002  2.1033172e-001
  9.9993981e-002  2.6604342e-001
  9.6023095e-002  1.7548816e-001
  9.3893174e-002  1.9458870e-001
  9.2042519e-002  1.7373469e-001
  8.7627548e-002  2.4715548e-001
  8.5148004e-002  1.9777921e-001
  9.5956467e-002  1.7376099e-001
  8.1833469e-002  1.7218092e-001
  8.6327093e-002  1.6224207e-001
  9.5877530e-002  1.7012780e-001
  8.4122141e-002  2.0953503e-001
  8.9365199e-002  2.1243038e-001
  8.6513700e-002  2.3872542e-001
  8.5886588e-002  2.1376253e-001
  1.0126750e-001  2.2222104e-001
  8.0925588e-002  1.9363674e-001
  7.8806866e-002  1.7412549e-001
  9.8164405e-002  1.6822730e-001
  9.8217991e-002  2.1562597e-001
  9.4978166e-002  2.2450007e-001
  8.0488802e-002  1.8020040e-001
  9.6682313e-002  2.1937604e-001
  8.9142580e-002  1.9062604e-001
  8.7841888e-002  1.7063326e-001
  8.3432093e-002  1.7647398e-001
  1.0207836e-001  2.2983831e-001
  8.2540035e-002  1.7144689e-001
  8.4259511e-002  1.7798407e-001
  8.0000310e-002  1.5529670e-001
  9.7164027e-002  1.5810587e-001
  9.9278110e-002  1.8510490e-001
  8.7879464e-002  1.8386919e-001
  7.9645002e-002  2.0253629e-001
  7.9042976e-002  2.2538641e-001
  1.0023082e-001  2.2302582e-001
  9.9168426e-002  2.0940969e-001
  9.7169188e-002  1.8923003e-001
  8.9660447e-002  1.6798834e-001
  8.6604866e-002  1.5622524e-001
  8.2076891e-002  2.1826973e-001
  9.4812049e-002  1.7469563e-001
  9.9753829e-002  2.3423976e-001
  8.1836649e-002  2.0845963e-001
  9.2802722e-002  2.0156159e-001
  8.4016984e-002  1.4660899e-001
 -7.8306555e-001  2.2539747e-001
 -7.8539415e-001  2.0859707e-001
 -7.8482978e-001  2.3233804e-001
 -7.9361117e-001  1.6446681e-001
 -7.9083976e-001  1.3046159e-001
 -7.9237889e-001  1.5634578e-001
 -7.9174999e-001  1.4305655e-001
 -8.0188914e-001  1.4368556e-001
 -7.8616430e-001  5.2955576e-002
 -7.9824814e-001  3.9945132e-002
 -7.9797418e-001  7.0988884e-002
 -7.8785760e-001  1.6080403e-002
 -7.9109597e-001 -7.9252622e-003
 -7.9235105e-001  1.9273378e-002
 -8.0447504e-001 -6.1577136e-004
 -7.9310259e-001  2.4310668e-003
 -7.8919466e-001  2.1365624e-002
 -7.9848361e-001 -6.8302417e-003
 -7.8752473e-001 -7.3383963e-002
 -7.8893796e-001 -4.0474510e-002
 -7.8991707e-001 -9.2118788e-002
 -8.0418321e-001 -7.2845455e-002
 -7.9722042e-001 -3.2606484e-002
 -7.9830213e-001 -5.8764916e-002
 -7.9892615e-001 -1.1203332e-001
 -7.9896622e-001 -6.4963616e-002
 -7.9512793e-001 -7.2752874e-002
 -7.9465936e-001 -8.7478276e-002
 -7.9483958e-001 -1.5352374e-001
 -7.8415768e-001 -9.8866266e-002
 -7.9113706e-001 -1.6399809e-001
 -7.8274451e-001 -1.3755797e-001
 -7.9473508e-001 -1.3150640e-001
 -7.8790145e-001 -1.6510371e-001
 -7.9338441e-001 -1.2731446e-001
 -7.8949608e-001 -1.0288396e-001
 -7.9239392e-001 -1.1119422e-001
 -8.0528077e-001 -1.7584493e-001
 -7.8321001e-001 -9.0369149e-002
 -7.8521778e-001 -1.0638030e-001
 -8.0492517e-001 -1.8007675e-001
 -8.0538717e-001 -1.4075537e-001
 -7.9934355e-001 -1.7536090e-001
 -8.0501375e-001 -1.7609672e-001
 -7.9334697e-001 -1.6065420e-001
 -7.8827449e-001 -1.8038317e-001
 -7.9893509e-001 -1.3119510e-001
 -8.0526834e-001 -1.4258955e-001
 -7.8632306e-001 -1.6738036e-001
 -8.0138795e-001 -1.1376156e-001
 -7.9147540e-001 -1.1841212e-001
 -7.8755064e-001 -1.8059026e-001
 -8.0417717e-001 -1.6059020e-001
 -8.0317662e-001 -1.8578052e-001
 -8.0458676e-001 -1.8175187e-001
 -8.0471139e-001 -1.6796730e-001
 -7.8712672e-001 -9.8152035e-002
 -7.8903953e-001 -1.5381161e-001
 -8.0277771e-001 -1.0240399e-001
 -7.8220861e-001 -1.8840840e-001
 -7.8869970e-001 -1.5765138e-001
 -7.8881009e-001 -1.1495945e-001
 -7.8775148e-001 -1.0088937e-001
 -7.8784019e-001 -1.1507998e-001
 -7.9832073e-001 -1.5744396e-001
 -7.9649736e-001 -1.0982983e-001
 -7.8978176e-001 -1.5429057e-001
 -7.9507089e-001 -1.9153096e-001
 -7.9658999e-001 -1.2363974e-001
  7.3695316e-003 -1.6895444e-001
  3.0030786e-003 -1.6516456e-001
  5.1381225e-003 -1.8138261e-001
  3.9745374e-003 -1.1860131e-001
  1.2862406e-002 -1.5253593e-001
  1.0891858e-002 -1.4356153e-001
 -8.6554440e-003 -1.0490414e-001
  1.1282704e-002 -1.4619046e-001
 -4.6203592e-003 -7.8424379e-002
  3.6895848e-003 -8.8096872e-002
  2.8226857e-003 -1.1871717e-001
  7.1159593e-003 -8.7038194e-002
  8.6516175e-003 -5.4491648e-002
  8.5984035e-003 -6.9292565e-002
 -2.1970661e-003 -2.3707994e-002
 -8.9714623e-003 -7.5954276e-002
  7.3004975e-003 -3.2768893e-002
 -3.0933249e-003 -5.3409662e-002
 -6.2597757e-003 -6.9520936e-002
  3.4843670e-003 -8.0958467e-002
 -6.6033195e-003 -3.0228643e-002
 -5.0788663e-003 -2.6310337e-002
 -5.0533176e-003  2.3716250e-003
  1.0722544e-002  2.3485078e-002
  1.2045669e-002 -5.0731106e-002
  1.0331628e-002 -5.6789128e-002
  7.9017116e-003 -3.9508927e-002
  4.9624185e-003 -2.0508751e-002
  3.7350776e-003 -4.4988446e-002
  8.0503151e-003 -5.0956897e-002
 -6.3749339e-003  9.7566491e-003
  1.3546138e-002  1.3940554e-002
  1.0153395e-002  4.0006000e-002
 -7.2559629e-003  1.5986381e-002
  6.4226971e-003  9.7848950e-003
 -4.9907877e-003 -4.4647332e-002
  1.2124200e-002  4.6139890e-002
  8.3954519e-003 -4.3562457e-002
  9.8326875e-003  8.3142559e-003
 -3.0082253e-003 -1.2543759e-002
  2.5759957e-003 -1.3729331e-002
 -3.3797988e-003  4.6997114e-002
 -6.3936908e-003 -2.9483843e-002
  6.0030045e-003  6.2766496e-003
 -3.2966248e-003  2.4025761e-002
  4.3956000e-003 -8.9591262e-004
  1.1338894e-002 -1.8705362e-002
  9.7334850e-003  3.1954967e-002
 -5.6002827e-003 -4.5540122e-002
  9.9984624e-003 -1.6486539e-002
 -2.1734953e-003  3.2615534e-002
  5.4751520e-003  3.4627342e-002
  4.1054100e-003 -3.2303907e-002
 -3.3566179e-003  6.0270778e-003
  6.3828491e-003 -4.5184408e-002
  9.5427327e-003  5.4123956e-003
  1.4952932e-003  3.7000252e-002
 -2.6833416e-003  1.7738460e-002
  8.6195762e-003  3.7756153e-002
  6.7306463e-003  1.9216478e-002
 -9.5417910e-003 -2.9446448e-002
  1.0070825e-002 -1.2470729e-003
  4.2027379e-003  2.5390857e-002
  1.7192221e-003  4.4818467e-002
 -3.6495961e-004  4.5065733e-002
  6.5729422e-003  4.4821039e-002
 -2.4284170e-004 -9.0923779e-003
  7.9032430e-003 -2.5120009e-002
 -5.1889387e-003 -1.0037445e-002
  5.5649750e-001 -3.5028006e-002
  5.4682589e-001  2.4327976e-002
  5.3845916e-001  7.6318096e-002
  5.3863835e-001  8.1186278e-002
  5.5080629e-001  1.2315306e-001
  5.5709381e-001  2.6093889e-001
  5.4654170e-001  2.5761877e-001
  5.5509976e-001  3.9621899e-001
  5.4083196e-001  4.1462745e-001
  5.4939306e-001  5.6893020e-001
  5.5339102e-001  5.5763942e-001
  5.4840345e-001  7.2290076e-001
  5.4205261e-001  7.5292205e-001
  5.3820946e-001  7.6741302e-001
  5.5054680e-001  8.6221320e-001
  5.5344971e-001  8.8329540e-001
  5.4763149e-001  9.3164652e-001
  5.5213707e-001  1.0365788e+000
  5.5098219e-001  1.1027616e+000
  5.5937738e-001  1.0828621e+000
  5.5576135e-001  1.1065171e+000
  5.5360426e-001  1.1381859e+000
  5.4976210e-001  1.2523298e+000
  5.4066349e-001  1.2875689e+000
  5.4635912e-001  1.3007620e+000
  5.3967862e-001  1.3000285e+000
  5.5279211e-001  1.2768074e+000
  5.4630262e-001  1.3290818e+000
  5.3900311e-001  1.3276444e+000
  5.5145146e-001  1.3309059e+000
  5.5036510e-001  1.3991813e+000
  5.5789257e-001  1.3557339e+000
  5.4172315e-001  1.4346122e+000
  5.4064302e-001  1.4400316e+000
  5.4991402e-001  1.4692831e+000
  5.4201797e-001  1.3981383e+000
  5.5285956e-001  1.4591438e+000
  5.4775242e-001  1.4333226e+000
  5.3927913e-001  1.4517036e+000
  5.4451010e-001  1.4486744e+000
  5.5979629e-001  1.4455097e+000
  5.4916699e-001  1.4834000e+000
  5.5665496e-001  1.4466361e+000
  5.3768307e-001  1.4770279e+000
  5.5450709e-001  1.4280367e+000
  5.5464901e-001  1.4784962e+000
  5.4843484e-001  1.5241512e+000
  5.6032690e-001  1.5224343e+000
  5.3892088e-001  1.4556846e+000
  5.4410834e-001  1.4686127e+000
  5.3964894e-001  1.5336530e+000
  5.5726372e-001  1.4776059e+000
  5.5046041e-001  1.4974546e+000
  5.4482652e-001  1.4599042e+000
  5.4845114e-001  1.4732393e+000
  5.4908909e-001  1.4560469e+000
  5.3779579e-001  1.4861318e+000
  5.6003970e-001  1.5004726e+000
  5.4023852e-001  1.5183747e+000
  5.4376500e-001  1.4686630e+000
  5.4151950e-001  1.4999631e+000
  5.5351807e-001  1.5383782e+000
  5.5017544e-001  1.5137766e+000
  5.4165926e-001  1.4450697e+000
  5.5232055e-001  1.5266080e+000
  5.4298760e-001  1.4720721e+000
  5.5873740e-001  1.4788976e+000
  5.5401187e-001  1.5312506e+000
  5.4106286e-001  1.5054110e+000
 -7.9469184e-002  1.4900611e+000
 -9.3053808e-002  1.4810033e+000
 -9.0515578e-002  1.5069800e+000
 -1.0218029e-001  1.3965051e+000
 -8.7031224e-002  1.3766336e+000
 -9.0779546e-002  1.2953744e+000
 -8.3654734e-002  1.1411432e+000
 -9.0940808e-002  1.0815416e+000
 -8.7444174e-002  1.0228667e+000
 -9.0097439e-002  8.8116419e-001
 -1.0108179e-001  8.4074157e-001
 -9.8398931e-002  7.5840552e-001
 -8.8140369e-002  6.8035604e-001
 -9.6487614e-002  5.5843931e-001
 -7.9107716e-002  5.7732613e-001
 -8.9515152e-002  5.1824496e-001
 -8.2322144e-002  3.7637862e-001
 -8.1617284e-002  3.5871505e-001
 -1.0115581e-001  3.5854598e-001
 -9.4359055e-002  3.1092759e-001
 -8.7816176e-002  2.3264200e-001
 -7.9590165e-002  2.3126998e-001
 -8.3629595e-002  1.3182527e-001
 -9.4921424e-002  1.2346575e-001
 -8.1761412e-002  1.1356485e-001
 -9.5130249e-002  5.9754075e-002
 -8.6470088e-002  1.5615651e-002
 -9.7934570e-002 -4.4902300e-003
 -9.7064657e-002 -1.5502451e-002
 -8.7877207e-002 -2.3340715e-003
 -8.5758309e-002 -3.0125343e-003
 -8.1799498e-002 -4.6645544e-002
 -9.6213241e-002 -3.0913717e-002
 -8.5192839e-002 -9.2061917e-002
 -9.7225583e-002 -5.7055852e-002
 -9.8247929e-002 -1.2442595e-001
 -7.9047130e-002 -6.7666599e-002
 -8.7447274e-002 -1.3877335e-001
 -8.5566524e-002 -1.1670980e-001
 -8.3102092e-002 -1.3521539e-001
 -8.8825449e-002 -9.3035295e-002
 -8.3927183e-002 -9.6262519e-002
 -8.2845440e-002 -1.3646335e-001
 -9.8187082e-002 -1.4257490e-001
 -9.7114654e-002 -1.1032453e-001
 -9.9062094e-002 -9.7591226e-002
 -9.9272843e-002 -1.1744338e-001
 -8.6302213e-002 -1.7921188e-001
 -8.0529842e-002 -1.7007680e-001
 -9.5260398e-002 -1.2992434e-001
 -7.9156037e-002 -1.1018641e-001
 -9.2876071e-002 -1.4851365e-001
 -1.0063151e-001 -1.8325726e-001
 -1.0110749e-001 -1.5006125e-001
 -1.0062506e-001 -1.6767001e-001
 -9.7214421e-002 -1.3797386e-001
 -9.9586248e-002 -1.2815564e-001
 -9.8903156e-002 -1.5498559e-001
 -8.1668460e-002 -1.4529906e-001
 -9.4292523e-002 -1.1037684e-001
 -1.0122080e-001 -1.4726594e-001
 -8.3792461e-002 -1.7895619e-001
 -9.1886044e-002 -1.1880678e-001
 -9.4892458e-002 -1.7988804e-001
 -8.1890579e-002 -1.6468986e-001
 -9.5009940e-002 -1.3080372e-001
 -9.9506765e-002 -1.8425999e-001
 -8.2830916e-002 -2.0624266e-001
 -1.0119421e-001 -2.0120687e-001
 -8.9931083e-002 -1.4656976e-001
 -7.6664710e-002 -1.2856296e-001
 -8.7440056e-002 -1.5165954e-001
 -9.3244667e-002 -1.4820613e-001
 -8.2244802e-002 -1.9555512e-001
 -9.1028883e-002 -1.5280319e-001
 -9.5198135e-002 -1.3754531e-001
 -8.8963609e-002 -2.0141227e-001
 -7.9032118e-002 -1.4452763e-001
 -8.8977812e-002 -1.2809139e-001
 -8.0002849e-002 -1.0670707e-001
 -8.1849956e-002 -1.6057585e-001
 -8.0664530e-002 -1.4740299e-001
 -9.0370477e-002 -1.7617514e-001
 -8.9653478e-002 -1.8079978e-001
 -8.8413285e-002 -1.0298733e-001
 -8.8077834e-002 -1.8365236e-001
 -7.6480683e-002 -1.9947325e-001
 -8.1922748e-002 -1.4196146e-001
 -7.2871271e-002 -1.8237088e-001
 -8.8995173e-002 -1.2653014e-001
 -9.0371375e-002 -1.7909548e-001
 -9.1878064e-002 -1.3276474e-001
 -9.1993279e-002 -1.1426289e-001
 -7.4243402e-002 -1.7809872e-001
 -9.0523935e-002 -1.7896930e-001
 -7.6515327e-002 -1.9660235e-001
 -8.2674667e-002 -1.4579888e-001
 -9.4792022e-002 -1.1374101e-001
 -7.5463759e-002 -1.0933630e-001
 -7.5745367e-002 -1.9266459e-001
 -9.4111190e-002 -1.7655179e-001
 -8.4310183e-002 -1.3115546e-001
 -7.7818001e-002 -1.4473713e-001
 -8.8649446e-002 -1.0933241e-001
 -7.7558750e-002 -1.1376318e-001
 -9.0954290e-002 -1.3739228e-001
 -8.1637272e-002 -1.5664226e-001
 -8.4514967e-002 -1.0284120e-001
 -7.8336630e-002 -1.1087981e-001
 -7.3484956e-002 -1.4077300e-001
 -7.2693147e-002 -1.8709053e-001
 -9.4267395e-002 -1.9800872e-001
 -8.5214861e-002 -1.7013128e-001
 -9.2349322e-002 -1.7043320e-001
 -8.3075869e-002 -1.7752722e-001
 -8.0504682e-002 -1.3421561e-001
 -7.6023839e-002 -1.5671087e-001
 -8.8225109e-002 -1.1044629e-001
 -9.3427220e-002 -1.1571221e-001
 -8.7271860e-002 -1.6304046e-001
 -9.2652741e-002 -1.4394571e-001
 -7.8837107e-002 -1.2524554e-001
 -8.6351785e-002 -1.3294783e-001
 -7.5620517e-002 -1.2144767e-001
 -7.2873851e-002 -1.0735376e-001
 -8.3407076e-002 -1.1676647e-001
 -7.9674492e-002 -1.0897035e-001
 -7.4904012e-002 -1.8704497e-001
 -8.2024766e-002 -1.5586955e-001
 -9.5013732e-002 -1.0218302e-001
 -8.5969485e-002 -1.7787759e-001
 -8.0416799e-002 -1.9245404e-001
 -9.3682286e-002 -1.7095571e-001
 -9.3971318e-002 -1.9111145e-001
 -7.3703966e-002 -1.0971754e-001
 -9.0665168e-002 -1.6026888e-001
 -7.4606232e-002 -1.0908765e-001
 -7.6690852e-002 -1.8852510e-001
 -9.2853611e-001 -1.2422429e-001
 -9.2566237e-001 -1.6381070e-001
 -9.1348497e-001 -1.8733612e-001
 -9.3187849e-001 -1.2664016e-001
 -9.1726038e-001 -9.0970357e-002
 -9.1407886e-001 -1.5291371e-001
 -9.1332513e-001 -1.1394847e-001
 -9.2860347e-001 -1.5311816e-001
 -9.2560364e-001 -8.6763644e-002
 -9.1282469e-001 -1.3420955e-001
 -9.2105486e-001 -4.3530711e-002
 -9.3197861e-001 -3.7452099e-002
 -9.1846210e-001 -9.0970784e-002
 -9.2078114e-001 -7.6651875e-002
 -9.2422043e-001 -4.8819894e-002
 -9.0848603e-001 -2.1107244e-002
 -9.2640032e-001 -6.5298281e-002
 -9.2764834e-001 -7.6682442e-002
 -9.2020316e-001 -2.2381778e-002
 -9.1449841e-001 -7.5992330e-002
 -9.1828382e-001 -1.4023227e-002
 -9.2248652e-001 -1.3704135e-003
 -9.1929379e-001 -1.8097409e-002
 -9.2259772e-001  1.4786019e-002
 -9.1123264e-001 -6.4901204e-002
 -9.2529539e-001 -3.7737260e-002
 -9.1282702e-001  2.3953300e-002
 -9.1487147e-001 -1.8544410e-002
 -9.1559039e-001 -6.4014577e-002
 -9.2248538e-001 -1.2110929e-002
 -9.1675409e-001 -2.8223715e-002
 -9.2426995e-001 -2.0936981e-003
 -9.2867134e-001  9.3234327e-003
 -9.1818792e-001 -3.0441911e-002
 -9.2739561e-001  3.4445089e-002
 -9.1285804e-001 -1.8088785e-002
 -9.1076949e-001  2.0547988e-002
 -9.2776546e-001 -5.0066372e-002
 -9.1232996e-001  1.5566213e-002
 -9.3054827e-001  2.9493987e-002
 -9.0956990e-001 -1.0289612e-002
 -9.2546141e-001  3.9764205e-002
 -9.1969143e-001  1.2218916e-002
 -9.1898804e-001  1.6153395e-002
 -9.2858433e-001  3.2225012e-002
 -9.2407372e-001 -5.6267546e-003
 -9.1390202e-001 -4.7907097e-002
 -9.2760732e-001 -7.2178554e-003
 -9.2903364e-001 -3.3569527e-002
 -9.2551184e-001 -3.2376578e-002
 -9.2007389e-001 -1.9709700e-002
 -9.2446963e-001 -1.2436036e-003
 -9.1690538e-001 -2.4158588e-002
 -9.2207679e-001  4.4662225e-003
 -9.1449223e-001  2.7066821e-002
 -9.1059965e-001  4.2884666e-002
 -9.1648182e-001  2.4497664e-004
 -9.2373528e-001 -1.5726136e-002
 -9.2629318e-001  3.9763314e-002
 -9.1444281e-001  1.3751969e-002
 -9.0916589e-001 -7.5473172e-004
 -9.1959919e-001  1.7164659e-003
 -9.2187804e-001 -8.0508969e-003
 -9.1603021e-001  1.4348971e-002
 -9.1829652e-001  3.4830484e-003
 -9.1742828e-001 -2.6534011e-002
 -9.1975698e-001  3.8068740e-002
 -9.2331432e-001  1.1763861e-002
 -9.1385140e-001 -3.2337376e-002
  7.2283833e-001  8.3523933e-003
  7.3277165e-001 -4.8427961e-002
  7.1285213e-001  3.9532588e-002
  7.1272098e-001  9.4766146e-002
  7.3047273e-001  1.6813103e-001
  7.1758517e-001  2.9636578e-001
  7.2682017e-001  3.2203233e-001
  7.3552855e-001  5.0762678e-001
  7.2868283e-001  5.8707064e-001
  7.2313773e-001  7.2678732e-001
  7.2009205e-001  8.0536422e-001
  7.3260837e-001  8.3400682e-001
  7.2081930e-001  1.0125712e+000
  7.3274797e-001  1.0140062e+000
  7.1687418e-001  1.1286908e+000
  7.2183242e-001  1.1643848e+000
  7.3277164e-001  1.3016766e+000
  7.1976064e-001  1.3349601e+000
  7.2750850e-001  1.3707420e+000
  7.3192535e-001  1.4593856e+000
  7.1526381e-001  1.5466437e+000
  7.3401928e-001  1.5340949e+000
  7.2720860e-001  1.5863023e+000
  7.3362197e-001  1.6310916e+000
  7.2234493e-001  1.6673502e+000
  7.1314273e-001  1.6567058e+000
  7.1837231e-001  1.7038942e+000
  7.3621633e-001  1.7010884e+000
  7.3304431e-001  1.8106606e+000
  7.3623372e-001  1.7868956e+000
  7.1824070e-001  1.8149600e+000
  7.2800317e-001  1.7665983e+000
  7.2374488e-001  1.8687586e+000
  7.2222715e-001  1.8483801e+000
  7.1264149e-001  1.8255495e+000
  7.1397461e-001  1.9016138e+000
  7.3486221e-001  1.8286575e+000
  7.2961985e-001  1.8386303e+000
  7.1704622e-001  1.9277348e+000
  7.2413591e-001  1.8661076e+000
  7.1567283e-001  1.9299992e+000
  7.1670965e-001  1.8738379e+000
  7.3451525e-001  1.8866997e+000
  7.3603351e-001  1.8761679e+000
  7.1296375e-001  1.8845598e+000
  7.2616400e-001  1.9504155e+000
  7.2139733e-001  1.8800412e+000
  7.3262007e-001  1.9231679e+000
  7.1832997e-001  1.9640062e+000
  7.1591282e-001  1.9366949e+000
  7.3011739e-001  1.9778058e+000
  7.1946256e-001  1.9574836e+000
  7.1560813e-001  1.9676022e+000
  7.1717055e-001  1.9503104e+000
  7.1810934e-001  1.9517944e+000
  7.3173732e-001  1.9084133e+000
  7.1578216e-001  1.9351853e+000
  7.3565177e-001  1.9554499e+000
  7.1676256e-001  1.9248979e+000
  7.1576315e-001  1.9242394e+000
  7.2277922e-001  1.9502995e+000
  7.2197222e-001  1.9679173e+000
  7.1884640e-001  1.9628927e+000
  7.2854007e-001  1.9566052e+000
  7.2825452e-001  1.9494847e+000
  7.1262826e-001  1.9053488e+000
  7.2219774e-001  1.9645723e+000
  7.2857766e-001  1.9679495e+000
  7.2475622e-001  1.9172349e+000
  3.2527442e-001  1.9840075e+000
  3.2947565e-001  1.9372207e+000
  3.4473712e-001  1.9552935e+000
  3.4296693e-001  1.8651470e+000
  3.4442332e-001  1.8938881e+000
  3.3395865e-001  1.8023569e+000
  3.2547964e-001  1.7336910e+000
  3.4345132e-001  1.6752724e+000
  3.2224016e-001  1.6596776e+000
  3.2448652e-001  1.5608644e+000
  3.3846309e-001  1.4714146e+000
  3.2806222e-001  1.4142369e+000
  3.4069753e-001  1.4494984e+000
  3.4355675e-001  1.3277894e+000
  3.3933401e-001  1.3155162e+000
  3.4025250e-001  1.3146263e+000
  3.4397249e-001  1.2538241e+000
  3.3087005e-001  1.2218537e+000
  3.3458045e-001  1.1738846e+000
  3.3079797e-001  1.1005846e+000
  3.2370707e-001  1.0596373e+000
  3.3392878e-001  1.0815629e+000
  3.4059668e-001  1.0245770e+000
  3.3521852e-001  1.0061907e+000
  3.2216179e-001  1.0695378e+000
  3.2961813e-001  9.7191822e-001
  3.2338629e-001  9.7561813e-001
  3.4085391e-001  9.2488100e-001
  3.4032146e-001  9.7053500e-001
  3.2511292e-001  9.0778283e-001
  3.4129813e-001  9.6397659e-001
  3.2612788e-001  9.2796027e-001
  3.3652014e-001  9.2610101e-001
  3.4157296e-001  8.9419694e-001
  3.4225336e-001  9.3818132e-001
  3.3884603e-001  8.8698034e-001
  3.3644924e-001  8.8363244e-001
  3.2361038e-001  8.7181881e-001
  3.3319899e-001  8.9846413e-001
  3.3675969e-001  8.8012335e-001
  3.2782877e-001  8.4694490e-001
  3.3791894e-001  8.9667396e-001
  3.4032480e-001  9.0472259e-001
  3.2178990e-001  8.5291264e-001
  3.4099175e-001  9.1994713e-001
  3.2351156e-001  8.8046608e-001
  3.3348422e-001  9.0962675e-001
  3.3819968e-001  8.4972976e-001
  3.4320221e-001  9.0330615e-001
  3.4465907e-001  8.4792612e-001
  3.2680595e-001  8.5582897e-001
  3.4497205e-001  8.3939955e-001
  3.2680409e-001  8.1189119e-001
  3.3293507e-001  8.6490948e-001
  3.3272090e-001  8.5213988e-001
  3.2484051e-001  8.1403370e-001
  3.3908024e-001  8.7830675e-001
  3.2469396e-001  9.0169472e-001
  3.2139998e-001  8.8711725e-001
  3.3172714e-001  8.2171344e-001
  3.3522904e-001  8.1112149e-001
  3.3612997e-001  8.5346646e-001
  3.4442156e-001  8.6807674e-001
  3.3985885e-001  8.8128910e-001
  3.3768100e-001  8.8011423e-001
  3.3079837e-001  8.3505354e-001
  3.3952380e-001  8.1660000e-001
  3.2989528e-001  8.7424627e-001
  3.4461514e-001  8.9301547e-001
  3.8435698e-002  8.2144314e-001
  3.9801703e-002  8.1681290e-001
  3.1879284e-002  8.3448767e-001
  2.9336717e-002  7.8690648e-001
  3.2977697e-002  8.2698556e-001
  3.5960051e-002  7.4082337e-001
  3.2407087e-002  6.9890544e-001
  1.9613298e-002  6.7780535e-001
  3.1227192e-002  6.2400055e-001
  2.4315873e-002  6.1252554e-001
  3.8973337e-002  5.4339442e-001
  3.6861582e-002  5.2012386e-001
  3.1173690e-002  4.6472679e-001
  1.9876778e-002  4.7787661e-001
  2.9765352e-002  4.0579019e-001
  2.7615201e-002  3.6154929e-001
  2.0266865e-002  3.1425960e-001
  2.2635053e-002  3.1585203e-001
  4.1070043e-002  2.5832935e-001
  3.8801188e-002  2.9769844e-001
  2.1328183e-002  2.0830480e-001
  2.2868159e-002  1.8625044e-001
  3.1490108e-002  1.7966615e-001
  2.7386033e-002  2.2801896e-001
  3.8020301e-002  1.7716947e-001
  2.9539592e-002  1.8465277e-001
  3.4288057e-002  1.5176423e-001
  2.1838724e-002  1.7074901e-001
  3.1213769e-002  1.3916560e-001
  3.6996835e-002  1.2729570e-001
  2.3237954e-002  1.1453787e-001
  1.9720246e-002  7.5701265e-002
  2.6455512e-002  1.0989886e-001
  2.2477028e-002  1.4223372e-001
  2.7187669e-002  1.3027434e-001
  4.2588359e-002  7.0280350e-002
  3.1963019e-002  6.6370510e-002
  4.2422577e-002  1.4124043e-001
  3.8896544e-002  8.1246350e-002
  2.4400445e-002  5.9725203e-002
  2.7655036e-002  8.1738902e-002
  2.0311830e-002  1.1594527e-001
  3.3748456e-002  4.1135755e-002
  3.1374070e-002  1.1306593e-001
  3.8797151e-002  1.0842209e-001
  3.0575452e-002  5.7347127e-002
  3.7506122e-002  3.6204733e-002
  2.3855013e-002  6.9189113e-002
  3.3701594e-002  9.4209173e-002
  2.8363155e-002  4.5248540e-002
  2.8278440e-002  6.6409471e-002
  2.1905956e-002  5.4169814e-002
  4.1150324e-002  2.7152703e-002
  2.1591389e-002  3.4898780e-002
  2.1847169e-002  4.1283148e-002
  3.6381995e-002  1.0970419e-001
  2.2930151e-002  9.3352258e-002
  3.3669586e-002  1.0681581e-001
  2.7194016e-002  3.6080424e-002
  3.9270186e-002  7.4403621e-002
  2.8313607e-002  1.0280126e-001
  3.7504928e-002  6.8841111e-002
  3.7252703e-002  6.9324080e-002
  2.5501665e-002  6.2630163e-002
  4.2467893e-002  1.7466174e-002
  2.9847782e-002  2.0691994e-002
  4.2951712e-002  6.8705904e-002
  2.5465971e-002  1.1274209e-001
  3.2067878e-002  3.1640204e-002
 -8.4374953e-002  5.8770253e-002
 -8.8043243e-002  3.3400953e-002
 -8.1244402e-002  9.6648992e-002
 -9.0269109e-002  2.9226349e-002
 -9.5442501e-002  3.7270133e-002
 -9.5274348e-002  5.2843886e-002
 -1.0227703e-001  1.4327054e-002
 -8.5185607e-002  4.4722126e-002
 -8.4127639e-002  2.5755923e-002
 -8.6812704e-002  1.5651284e-002
 -9.1211399e-002 -5.2397203e-002
 -7.9980948e-002 -3.9973244e-002
 -7.8647892e-002 -7.0309128e-004
 -8.3451117e-002 -2.3097560e-002
 -8.2513963e-002 -1.9717291e-002
 -8.8811223e-002 -1.1480138e-001
 -1.0178004e-001 -1.0786875e-001
 -8.4223444e-002 -9.6967685e-002
 -9.8345542e-002 -7.4638071e-002
 -9.0359426e-002 -1.0025903e-001
 -9.9430360e-002 -1.2961877e-001
 -9.4752952e-002 -1.5473829e-001
 -9.3701631e-002 -1.5860094e-001
 -9.1548378e-002 -1.6282553e-001
 -8.4166242e-002 -9.4847212e-002
 -9.3824434e-002 -1.4179830e-001
 -8.0444098e-002 -9.5640929e-002
 -1.0045683e-001 -8.6576211e-002
 -1.0224633e-001 -1.8399864e-001
 -8.7319454e-002 -1.1561716e-001
 -9.0647156e-002 -1.3864418e-001
 -9.2530899e-002 -1.6469274e-001
 -9.6756837e-002 -1.7083081e-001
 -9.7262735e-002 -1.4945480e-001
 -9.4079436e-002 -1.8134867e-001
 -8.6169296e-002 -1.1186800e-001
 -9.9431542e-002 -1.4357324e-001
 -8.4326716e-002 -1.5044803e-001
 -8.7680547e-002 -1.6400590e-001
 -1.0068042e-001 -1.7047665e-001
 -8.7798661e-002 -1.0928612e-001
 -9.9971247e-002 -1.7247443e-001
 -8.4514768e-002 -1.8732706e-001
 -8.7311225e-002 -1.9533872e-001
 -8.4894288e-002 -1.3420504e-001
 -1.0178187e-001 -1.8622781e-001
 -8.6074137e-002 -1.1159652e-001
 -9.7082803e-002 -2.0171801e-001
 -1.0123314e-001 -1.4152141e-001
 -8.9579899e-002 -1.5887889e-001
 -8.9010377e-002 -1.5696028e-001
 -8.9117598e-002 -1.5012336e-001
 -8.5141517e-002 -1.6102140e-001
 -8.4963117e-002 -1.4125986e-001
 -8.1380980e-002 -1.8939053e-001
 -8.4342375e-002 -1.7607528e-001
 -9.6527466e-002 -1.1612263e-001
 -9.1425445e-002 -1.4756212e-001
 -7.9716482e-002 -1.7196623e-001
 -8.5521305e-002 -1.5942192e-001
 -8.0200799e-002 -1.4982466e-001
 -9.1832951e-002 -1.8374464e-001
 -8.4826667e-002 -1.7976578e-001
 -8.5311049e-002 -1.4790107e-001
 -9.6492265e-002 -1.6232007e-001
 -9.3092535e-002 -2.0319049e-001
 -1.0204632e-001 -1.5780069e-001
 -8.6272663e-002 -1.6294875e-001
 -8.6798570e-002 -1.6702110e-001
  2.0186583e-002 -1.3130969e-001
  1.4254242e-002 -1.2635807e-001
  3.4277570e-002 -1.7744870e-001
  2.6918545e-002 -1.1044403e-001
  2.9531857e-002 -1.2222116e-001
  3.3174027e-002 -1.1432885e-001
  3.5175935e-002 -7.1892302e-002
  3.6986740e-002 -1.1651724e-001
  3.4841261e-002 -5.0829949e-002
  1.3913790e-002 -1.3207559e-001
  1.7436054e-002 -1.1408996e-001
  2.6306359e-002 -1.0724221e-001
  3.6267428e-002 -2.5501685e-002
  2.7230701e-002 -6.3848021e-002
  2.2223817e-002 -1.7855270e-002
  3.5556183e-002 -1.1786176e-002
  2.1617342e-002  2.8344608e-003
  3.4301522e-002 -1.2228795e-002
  1.7436465e-002  2.5674987e-003
  2.2842909e-002  8.3767746e-003
  2.2179174e-002 -4.7315238e-002
  3.6929183e-002 -4.2954277e-002
  1.8227839e-002 -3.3497073e-002
  2.5898186e-002 -4.7258992e-003
  2.6254116e-002 -5.9536146e-003
  2.9649049e-002 -5.5566882e-003
  2.3821159e-002 -2.2327804e-003
  2.3288796e-002 -1.8636358e-002
  3.6201190e-002  4.9903454e-002
  2.9540772e-002  1.5692928e-002
  2.3287678e-002  1.6463842e-002
  1.8140022e-002  2.9264930e-002
  2.0955230e-002  2.7634016e-002
  3.4680070e-002  2.8994853e-002
  2.8693628e-002  5.5746117e-002
  3.2273333e-002  1.0028515e-002
  3.2309181e-002  3.0234476e-002
  1.8423680e-002  7.0476837e-002
  1.7430671e-002  8.3578909e-002
  2.6713320e-002  1.1634168e-002
  3.2071925e-002  4.6419253e-004
  1.5603412e-002  9.1638333e-002
  2.9601012e-002  7.8086796e-002
  2.6684980e-002  5.2824535e-003
  3.5556647e-002  3.6089794e-003
  3.5829397e-002  3.9167576e-002
  1.9794102e-002  3.7610746e-003
  1.6497821e-002  6.0207542e-002
  3.4052301e-002  5.1629011e-002
  1.7990133e-002  5.2351919e-002
  2.5271615e-002  3.6702405e-002
  2.1961258e-002  3.3225899e-002
  2.9978512e-002  3.9699648e-002
  2.1620650e-002  5.2443124e-002
  1.5543617e-002  2.1543915e-002
  2.9603990e-002  6.8801078e-002
  1.9469719e-002  7.1537060e-002
  2.9904718e-002  8.6960128e-002
  3.1233951e-002  9.2408257e-002
  3.3984219e-002  4.5389087e-002
  3.5783006e-002  6.5703923e-002
  1.7842670e-002  1.9768667e-002
  2.0400936e-002  8.1138739e-002
  2.7583529e-002  3.9261584e-002
  1.7673931e-002  1.1614209e-002
  3.0961400e-002  2.5977450e-002
  1.3552269e-002  5.4787614e-002
  2.8452032e-002  2.1335845e-002
  3.5551918e-002  2.0151568e-002
  6.3789895e-001  5.0228098e-002
  6.3437013e-001  7.9195538e-002
  6.2971103e-001  1.2052446e-001
  6.3704875e-001  8.6646556e-002
  6.2689007e-001  2.1608792e-001
  6.2015598e-001  3.1117595e-001
  6.3324187e-001  3.6628730e-001
  6.2565302e-001  4.6685805e-001
  6.2784090e-001  5.2370636e-001
  6.2631298e-001  6.4502940e-001
  6.3280168e-001  7.1804847e-001
  6.2241789e-001  7.6953263e-001
  6.2063151e-001  8.3174943e-001
  6.2848319e-001  9.0072353e-001
  6.2663585e-001  1.0307314e+000
  6.2491764e-001  1.1027847e+000
  6.2288810e-001  1.0971928e+000
  6.3791859e-001  1.2343970e+000
  6.2510595e-001  1.2486642e+000
  6.4064084e-001  1.2664346e+000
  6.1879978e-001  1.2999813e+000
  6.2114418e-001  1.3655136e+000
  6.1838762e-001  1.4530345e+000
  6.1716325e-001  1.4255108e+000
  6.2129234e-001  1.4584406e+000
  6.3638442e-001  1.4887328e+000
  6.4087334e-001  1.5203052e+000
  6.2103117e-001  1.5421128e+000
  6.3568070e-001  1.5642546e+000
  6.3560670e-001  1.5287761e+000
  6.2435185e-001  1.5729113e+000
  6.3245567e-001  1.6062813e+000
  6.3814932e-001  1.5710945e+000
  6.2492942e-001  1.6751429e+000
  6.2006761e-001  1.6279953e+000
  6.2827887e-001  1.6017467e+000
  6.1872266e-001  1.6794977e+000
  6.2577742e-001  1.6958713e+000
  6.3143283e-001  1.6537120e+000
  6.2629542e-001  1.6469290e+000
  6.3313185e-001  1.6670340e+000
  6.2944492e-001  1.6552898e+000
  6.3561341e-001  1.6637674e+000
  6.3857739e-001  1.7006984e+000
  6.3675409e-001  1.6937392e+000
  6.1992152e-001  1.6751595e+000
  6.3474647e-001  1.7042754e+000
  6.3769060e-001  1.6965258e+000
  6.3540139e-001  1.7120877e+000
  6.3674982e-001  1.7342629e+000
  6.2949408e-001  1.7246311e+000
  6.2769032e-001  1.7032032e+000
  6.2180077e-001  1.7022691e+000
  6.3459138e-001  1.7357912e+000
  6.1835599e-001  1.7052315e+000
  6.3588700e-001  1.7308861e+000
  6.3960638e-001  1.7162443e+000
  6.2908124e-001  1.7039531e+000
  6.3704927e-001  1.7359541e+000
  6.1882813e-001  1.6942497e+000
  6.2044413e-001  1.7619496e+000
  6.4101370e-001  1.7195742e+000
  6.2907461e-001  1.6901441e+000
  6.2003679e-001  1.7436713e+000
  6.3792725e-001  1.6837165e+000
  6.1788884e-001  1.7456389e+000
  6.1972179e-001  1.7239435e+000
  6.1743945e-001  1.7683970e+000
  6.2287645e-001  1.6744250e+000
  2.5960488e-001  1.6761906e+000
  2.7108823e-001  1.6741854e+000
  2.6336957e-001  1.6756416e+000
  2.5518025e-001  1.6370627e+000
  2.7245265e-001  1.6203368e+000
  2.7801079e-001  1.5551788e+000
  2.5863020e-001  1.4727882e+000
  2.7501013e-001  1.4543599e+000
  2.6818744e-001  1.4424504e+000
  2.5615069e-001  1.3955767e+000
  2.6721913e-001  1.3026242e+000
  2.6401973e-001  1.2525920e+000
  2.6712135e-001  1.2170265e+000
  2.5926585e-001  1.1787788e+000
  2.7784936e-001  1.1354165e+000
  2.6155848e-001  1.0483850e+000
  2.6851680e-001  1.0077318e+000
  2.5734971e-001  1.0394427e+000
  2.6791530e-001  9.9560698e-001
  2.7203344e-001  9.4923326e-001
  2.7623734e-001  9.0450203e-001
  2.5472556e-001  8.3567877e-001
  2.7707911e-001  9.0550208e-001
  2.7483676e-001  8.6519509e-001
  2.6774670e-001  8.4388564e-001
  2.6513786e-001  8.2893979e-001
  2.6973757e-001  8.2392665e-001
  2.6236096e-001  7.8418688e-001
  2.6038016e-001  7.9730021e-001
  2.5466149e-001  7.4584758e-001
  2.5698364e-001  7.3715401e-001
  2.6805515e-001  7.2636852e-001
  2.6127675e-001  7.2937723e-001
  2.7182666e-001  6.8693797e-001
  2.7079998e-001  6.6222131e-001
  2.7690934e-001  7.5479676e-001
  2.6224088e-001  7.4216077e-001
  2.6881161e-001  7.3574241e-001
  2.5581005e-001  6.7586724e-001
  2.6186976e-001  7.0388176e-001
  2.5566746e-001  6.4509011e-001
  2.5737927e-001  6.3570613e-001
  2.6962527e-001  6.6201329e-001
  2.6652681e-001  6.5697685e-001
  2.5849218e-001  6.9053511e-001
  2.6265912e-001  7.2225579e-001
  2.7662471e-001  6.2231417e-001
  2.7645168e-001  6.2606381e-001
  2.7442550e-001  6.7025721e-001
  2.5976058e-001  7.1540934e-001
  2.6236835e-001  6.6766230e-001
  2.6610166e-001  6.3016940e-001
  2.5968252e-001  6.4223917e-001
  2.7497694e-001  6.1996987e-001
  2.6920503e-001  6.2325866e-001
  2.6004420e-001  6.9386967e-001
  2.5966409e-001  6.4144481e-001
  2.7749817e-001  7.0566026e-001
  2.6879731e-001  6.7986672e-001
  2.7002766e-001  6.9347151e-001
  2.6599680e-001  6.9329200e-001
  2.7204380e-001  6.2576778e-001
  2.7594317e-001  7.0144118e-001
  2.6046308e-001  6.9177029e-001
  2.6686659e-001  6.7223977e-001
  2.5995207e-001  6.3070592e-001
  2.7103338e-001  6.1700334e-001
  2.6287932e-001  6.3242418e-001
  2.6362489e-001  6.1647975e-001
 -9.7179131e-002  6.7682104e-001
 -9.9889778e-002  6.5923919e-001
 -1.1390416e-001  5.9504139e-001
 -1.1033744e-001  6.4469198e-001
 -1.0053431e-001  5.7273823e-001
 -1.1666265e-001  4.9088417e-001
 -1.0339202e-001  5.1477877e-001
 -9.7126097e-002  4.1712665e-001
 -1.1760681e-001  4.3046034e-001
 -1.0367045e-001  4.0888475e-001
 -1.0405635e-001  3.2582031e-001
 -1.1235902e-001  2.5529461e-001
 -1.0465686e-001  2.7407137e-001
 -9.7536158e-002  1.9381244e-001
 -9.9164154e-002  1.6783032e-001
 -1.1835633e-001  1.0811433e-001
 -1.1199982e-001  1.5679349e-001
 -1.0472270e-001  1.0261759e-001
 -1.0435535e-001  2.5323843e-002
 -1.0026573e-001  7.1833342e-002
 -1.1778193e-001  3.6216612e-002
 -9.8827856e-002 -2.3757892e-002
 -1.0859422e-001 -4.9494822e-002
 -1.1420965e-001  7.0632701e-004
 -9.9028574e-002 -1.0718170e-001
 -1.1033545e-001 -8.5433358e-002
 -1.0285621e-001 -9.8476346e-002
 -1.1506174e-001 -6.1349111e-002
 -1.0138597e-001 -6.5511883e-002
 -9.8641263e-002 -6.3033167e-002
 -1.0905004e-001 -1.1440601e-001
 -1.0659155e-001 -1.1525864e-001
 -1.0939435e-001 -1.8233716e-001
 -1.0713618e-001 -1.6255461e-001
 -1.0973296e-001 -1.7051975e-001
 -1.0215575e-001 -1.6187331e-001
 -1.0679054e-001 -1.7638598e-001
 -9.9939213e-002 -1.3701197e-001
 -1.1808064e-001 -1.7811598e-001
 -1.0114353e-001 -1.6876076e-001
 -1.0144996e-001 -1.2503272e-001
 -1.1299114e-001 -1.3916400e-001
 -1.0832081e-001 -1.9219137e-001
 -1.0507988e-001 -1.5759275e-001
 -9.9484894e-002 -1.2871725e-001
 -9.8343194e-002 -2.1100124e-001
 -1.1233928e-001 -1.6786916e-001
 -1.0993735e-001 -1.7484126e-001
 -1.1926119e-001 -2.1421222e-001
 -1.0021429e-001 -2.0101070e-001
 -1.0706859e-001 -1.9347305e-001
 -1.1069778e-001 -1.9603355e-001
 -1.0163296e-001 -1.6864484e-001
 -1.1612494e-001 -1.3144296e-001
 -1.1962403e-001 -2.1543436e-001
 -1.1005511e-001 -1.6746069e-001
 -1.0967638e-001 -1.6923361e-001
 -9.9254328e-002 -1.4057689e-001
 -1.1880126e-001 -2.2458514e-001
 -1.1528471e-001 -1.4957623e-001
 -1.0975100e-001 -1.5030721e-001
 -1.0587921e-001 -2.1630539e-001
 -1.0878128e-001 -1.9558946e-001
 -9.8229491e-002 -2.1956582e-001
 -1.1443281e-001 -1.6313955e-001
 -9.6823905e-002 -1.9310418e-001
 -1.1665504e-001 -1.6915770e-001
 -1.1782673e-001 -2.0441142e-001
 -1.0505360e-001 -1.9305437e-001
  8.0061769e-001 -2.0664907e-001
  8.0632853e-001 -2.1501081e-001
  7.8872318e-001 -1.3744465e-001
  7.8309091e-001 -3.7405829e-002
  7.8919350e-001  3.3061457e-002
  8.0388896e-001  8.5320953e-002
  8.0115797e-001  2.9387663e-001
  7.9535951e-001  3.9168418e-001
  8.0245763e-001  4.8509287e-001
  7.9280178e-001  6.3372141e-001
  7.9474219e-001  6.9084706e-001
  7.9824140e-001  8.6812322e-001
  7.8993815e-001  9.4531937e-001
  7.9134954e-001  1.0515152e+000
  7.9669180e-001  1.1799645e+000
  7.9025680e-001  1.2176398e+000
  8.0057706e-001  1.3380661e+000
  7.8900331e-001  1.4179593e+000
  7.8765058e-001  1.4132337e+000
  7.9362853e-001  1.5221093e+000
  7.9391256e-001  1.5436683e+000
  7.9578573e-001  1.5677384e+000
  7.9442268e-001  1.6822206e+000
  7.8717096e-001  1.7405165e+000
  7.9546648e-001  1.7929351e+000
  7.8927176e-001  1.8254662e+000
  7.8957468e-001  1.8309217e+000
  8.0091227e-001  1.8440960e+000
  7.9259422e-001  1.8534535e+000
  7.8270631e-001  1.9003251e+000
  7.9565478e-001  1.9099787e+000
  7.9229007e-001  1.9270855e+000
  8.0165046e-001  1.9923471e+000
  7.8439449e-001  2.0031042e+000
  7.9314437e-001  1.9468150e+000
  8.0308405e-001  1.9861531e+000
  7.9129344e-001  1.9855240e+000
  7.8413089e-001  2.0057669e+000
  7.9712516e-001  2.0610536e+000
  7.9252233e-001  1.9831121e+000
  8.0590023e-001  2.0289276e+000
  7.8806937e-001  2.0235790e+000
  8.0165097e-001  2.0466541e+000
  7.9783974e-001  2.0632003e+000
  7.9759486e-001  2.0150748e+000
  8.0200243e-001  2.0907024e+000
  8.0566962e-001  2.0811766e+000
  8.0609212e-001  2.0542437e+000
  7.9182149e-001  2.0833882e+000
  7.8695960e-001  2.1077238e+000
  8.0038038e-001  2.0291963e+000
  7.9889888e-001  2.0669357e+000
  7.8632915e-001  2.0836905e+000
  7.8750454e-001  2.1176091e+000
  8.0336853e-001  2.0784072e+000
  7.9850636e-001  2.1289663e+000
  7.8965280e-001  2.0447992e+000
  7.8827546e-001  2.1140980e+000
  7.9905001e-001  2.0475520e+000
  7.8810361e-001  2.1172122e+000
  8.0511525e-001  2.0857485e+000
  7.9789312e-001  2.0670102e+000
  7.9733427e-001  2.1109123e+000
  7.9438863e-001  2.1064614e+000
  7.9721198e-001  2.0682276e+000
  7.9050275e-001  2.0850010e+000
  8.0258904e-001  2.0905080e+000
  7.9914945e-001  2.0422067e+000
  7.8857609e-001  2.1237236e+000
 -3.5357445e-001  2.0632779e+000
 -3.6153901e-001  2.0430905e+000
 -3.7225511e-001  1.9998191e+000
 -3.5908191e-001  1.9401873e+000
 -3.6534760e-001  1.8336708e+000
 -3.5100516e-001  1.7646793e+000
 -3.5827338e-001  1.6225589e+000
 -3.5561346e-001  1.5259647e+000
 -3.6347189e-001  1.3936771e+000
 -3.5338861e-001  1.2584709e+000
 -3.6137961e-001  1.0755076e+000
 -3.6113508e-001  9.5324566e-001
 -3.5081154e-001  8.8632145e-001
 -3.5784879e-001  7.8279242e-001
 -3.6826698e-001  6.6788998e-001
 -3.7312484e-001  5.9365475e-001
 -3.6775283e-001  4.8637928e-001
 -3.6323858e-001  4.3568139e-001
 -3.6581895e-001  3.2894850e-001
 -3.6521077e-001  2.7885931e-001
 -3.7095432e-001  2.0162213e-001
 -3.7114391e-001  9.0964402e-002
 -3.7032505e-001  1.1727267e-001
 -3.6287385e-001  4.2307863e-002
 -3.5665434e-001 -7.5438707e-004
 -3.5846233e-001 -6.7218251e-002
 -3.6182967e-001 -9.3610564e-002
 -3.5299559e-001 -1.5600162e-001
 -3.6740760e-001 -1.7260212e-001
 -3.5376348e-001 -1.6703828e-001
 -3.6401114e-001 -1.6119881e-001
 -3.6877098e-001 -1.7682986e-001
 -3.5274487e-001 -2.0051933e-001
 -3.5612458e-001 -2.4163875e-001
 -3.5890312e-001 -2.3282055e-001
 -3.5123326e-001 -2.6193859e-001
 -3.6224976e-001 -3.3399571e-001
 -3.6934866e-001 -2.7166922e-001
 -3.7252856e-001 -3.0219991e-001
 -3.5321128e-001 -3.4269858e-001
 -3.5181441e-001 -3.0031060e-001
 -3.6271968e-001 -3.6358632e-001
 -3.6467134e-001 -3.3338040e-001
 -3.7110899e-001 -3.3769300e-001
 -3.6249012e-001 -3.3456227e-001
 -3.7062601e-001 -3.3260272e-001
 -3.6390752e-001 -3.5364748e-001
 -3.5100462e-001 -4.0088559e-001
 -3.6742066e-001 -3.2977859e-001
 -3.5716756e-001 -3.4066363e-001
 -3.7217072e-001 -3.3911316e-001
 -3.6392329e-001 -4.0202530e-001
 -3.5033445e-001 -3.3533106e-001
 -3.6923256e-001 -3.9871017e-001
 -3.6551748e-001 -3.5426997e-001
 -3.5331719e-001 -3.6977818e-001
 -3.5594955e-001 -4.1453043e-001
 -3.6298742e-001 -4.3055435e-001
 -3.5790141e-001 -3.4464359e-001
 -3.6461422e-001 -4.3092483e-001
 -3.5959228e-001 -3.6618284e-001
 -3.7013924e-001 -3.6694852e-001
 -3.6130866e-001 -4.2434685e-001
 -3.6995562e-001 -3.6667188e-001
 -3.5066789e-001 -3.9042291e-001
 -3.6318357e-001 -4.0711814e-001
 -3.7085582e-001 -3.9837859e-001
 -3.7150645e-001 -4.3525885e-001
 -3.5965812e-001 -3.9214549e-001
  7.7599129e-001 -3.6518258e-001
  7.8150040e-001 -3.8381708e-001
  7.7700678e-001 -3.1226603e-001
  7.8114359e-001 -2.2674741e-001
  7.6396667e-001 -1.7820624e-001
  7.6719555e-001 -7.8335066e-002
  7.7634344e-001  5.6648378e-002
  7.7411000e-001  1.9406584e-001
  7.7520712e-001  3.0879087e-001
  7.6016368e-001  4.2180931e-001
  7.6957385e-001  6.2504672e-001
  7.6275780e-001  6.6784465e-001
  7.6486020e-001  7.7227462e-001
  7.8044984e-001  9.0688098e-001
  7.6629597e-001  1.0519392e+000
  7.6730695e-001  1.1409518e+000
  7.6201359e-001  1.2338122e+000
  7.6249955e-001  1.2958582e+000
  7.7664245e-001  1.3182906e+000
  7.6052567e-001  1.4381226e+000
  7.6273718e-001  1.4565251e+000
  7.7780821e-001  1.5456105e+000
  7.6999102e-001  1.5804397e+000
  7.6417115e-001  1.6781627e+000
  7.5846154e-001  1.6395241e+000
  7.7962701e-001  1.7620408e+000
  7.7599034e-001  1.7454119e+000
  7.6874165e-001  1.8240546e+000
  7.6486825e-001  1.8359144e+000
  7.7444060e-001  1.8527849e+000
  7.7359365e-001  1.8302675e+000
  7.6793906e-001  1.8552306e+000
  7.7863115e-001  1.8653413e+000
  7.6492156e-001  1.8616595e+000
  7.7640623e-001  1.8941952e+000
  7.7602344e-001  1.9409083e+000
  7.6970130e-001  1.9868822e+000
  7.5838018e-001  1.9198422e+000
  7.7220491e-001  1.9976360e+000
  7.6484097e-001  2.0008883e+000
  7.6698801e-001  1.9527236e+000
  7.7294389e-001  2.0158392e+000
  7.7078242e-001  1.9949836e+000
  7.8077915e-001  2.0108155e+000
  7.6890755e-001  2.0565354e+000
  7.6192782e-001  2.0447585e+000
  7.7651038e-001  1.9703834e+000
  7.7137709e-001  1.9790488e+000
  7.7988005e-001  1.9881476e+000
  7.7152539e-001  2.0743319e+000
  7.6616598e-001  1.9993344e+000
  7.7525800e-001  2.0664876e+000
  7.6793904e-001  2.0101529e+000
  7.5823697e-001  2.0688618e+000
  7.7526746e-001  2.0291477e+000
  7.7890518e-001  2.0788094e+000
  7.5830000e-001  2.0012048e+000
  7.7717854e-001  2.0394448e+000
  7.6516776e-001  2.0786145e+000
  7.7118429e-001  2.0436979e+000
  7.6750197e-001  2.0579524e+000
  7.5851081e-001  2.0369647e+000
  7.6197752e-001  2.0573627e+000
  7.7406487e-001  2.0603808e+000
  7.7286711e-001  2.0621473e+000
  7.7261457e-001  2.0253313e+000
  7.7227968e-001  2.0869294e+000
  7.6747328e-001  2.0391243e+000
  7.6237052e-001  2.0445383e+000
 -9.4025547e-001  2.0290006e+000
 -9.3407605e-001  2.0753792e+000
 -9.4162687e-001  2.0481117e+000
 -9.2163115e-001  1.9294331e+000
 -9.3659969e-001  1.8910460e+000
 -9.2221880e-001  1.7647157e+000
 -9.3940540e-001  1.7085647e+000
 -9.2593338e-001  1.5586175e+000
 -9.3406924e-001  1.4028736e+000
 -9.2738527e-001  1.3519854e+000
 -9.2355913e-001  1.2763277e+000
 -9.3295631e-001  1.1390477e+000
 -9.2288168e-001  1.0597111e+000
 -9.2041386e-001  9.8470753e-001
 -9.3612707e-001  8.9085246e-001
 -9.2104583e-001  7.7604145e-001
 -9.3309011e-001  7.5161886e-001
 -9.2314915e-001  6.7672263e-001
 -9.3424563e-001  5.5882096e-001
 -9.2646627e-001  5.0623724e-001
 -9.3798985e-001  4.4652285e-001
 -9.3838383e-001  4.8221931e-001
 -9.2080878e-001  3.8526890e-001
 -9.3505297e-001  3.2541922e-001
 -9.3628594e-001  2.7401489e-001
 -9.2910064e-001  2.5274054e-001
 -9.2524465e-001  2.9603467e-001
 -9.3399587e-001  2.1209488e-001
 -9.2725454e-001  1.7653960e-001
 -9.3559907e-001  1.9333919e-001
 -9.2881276e-001  1.5989519e-001
 -9.2576670e-001  1.9281031e-001
 -9.3924019e-001  9.8468985e-002
 -9.3613128e-001  1.5565217e-001
 -9.3956103e-001  1.2785972e-001
 -9.3437565e-001  9.6455722e-002
 -9.3343920e-001  4.9622152e-002
 -9.3641319e-001  1.3192173e-001
 -9.3287582e-001  3.5321013e-002
 -9.3562168e-001  1.0656230e-001
 -9.3662222e-001  9.8489469e-002
 -9.2746419e-001  1.1157697e-002
 -9.3582289e-001  8.9368870e-002
 -9.2926895e-001  8.2081024e-002
 -9.2393478e-001  5.8839786e-002
 -9.4157665e-001  5.2929484e-002
 -9.4066932e-001 -6.3740428e-003
 -9.4013382e-001  7.0507523e-002
 -9.4279700e-001  1.6120617e-003
 -9.3027522e-001  2.7029093e-002
 -9.3327780e-001  7.8359271e-003
 -9.3748808e-001 -1.0872361e-003
 -9.2463109e-001 -4.3996061e-003
 -9.2523272e-001  5.6412576e-002
 -9.3175897e-001 -2.1868547e-002
 -9.2616890e-001 -2.5759194e-002
 -9.3208341e-001  2.8750370e-002
 -9.4350457e-001  4.4621132e-002
 -9.2470403e-001  6.5105338e-002
 -9.4352629e-001 -6.6336727e-003
 -9.4249417e-001  4.7178309e-002
 -9.2308213e-001 -2.1920158e-002
 -9.3740869e-001  1.7465933e-003
 -9.2597852e-001  1.3779540e-002
 -9.4000424e-001  5.0834178e-002
 -9.2531436e-001  3.7941596e-002
 -9.4137774e-001 -1.3629606e-002
 -9.3736709e-001 -1.6745444e-002
 -9.3390232e-001  4.6899919e-002
 -2.6560775e-001  2.7133255e-002
 -2.6731765e-001  5.5210713e-002
 -2.8417806e-001  4.0464744e-002
 -2.8658795e-001  4.4023841e-002
 -2.8311468e-001  1.3160652e-003
 -2.7550692e-001 -2.9246816e-002
 -2.8517907e-001 -6.7508259e-002
 -2.6626515e-001 -1.0904613e-001
 -2.8649169e-001 -6.2178840e-002
 -2.8249646e-001 -1.4464192e-001
 -2.7129973e-001 -1.3246823e-001
 -2.8067132e-001 -1.6523002e-001
 -2.8685170e-001 -2.0727885e-001
 -2.6646768e-001 -2.2411259e-001
 -2.6772544e-001 -2.4798584e-001
 -2.6623063e-001 -2.3950320e-001
 -2.8788312e-001 -1.8900449e-001
 -2.7549636e-001 -2.7590873e-001
 -2.7236159e-001 -2.9949526e-001
 -2.7950980e-001 -3.0412092e-001
 -2.6828602e-001 -2.2998727e-001
 -2.7403552e-001 -2.8104765e-001
 -2.8834633e-001 -3.0536264e-001
 -2.8845854e-001 -2.6714770e-001
 -2.6776161e-001 -2.5975109e-001
 -2.6734879e-001 -3.2892879e-001
 -2.6681253e-001 -3.2691683e-001
 -2.8292830e-001 -3.6270615e-001
 -2.8101411e-001 -3.3140718e-001
 -2.8892143e-001 -3.2850739e-001
 -2.8882327e-001 -3.6619202e-001
 -2.8220708e-001 -3.2859896e-001
 -2.7895005e-001 -3.0008221e-001
 -2.8454641e-001 -3.7727531e-001
 -2.8767172e-001 -2.9590972e-001
 -2.6593016e-001 -3.4711439e-001
 -2.8744043e-001 -3.7611512e-001
 -2.7898318e-001 -3.5031321e-001
 -2.7488862e-001 -3.1510746e-001
 -2.7507575e-001 -3.7430703e-001
 -2.8850584e-001 -3.8517824e-001
 -2.7949587e-001 -3.7666584e-001
 -2.6673683e-001 -3.4971597e-001
 -2.8482839e-001 -3.9797274e-001
 -2.7358809e-001 -3.7490316e-001
 -2.8138359e-001 -3.3880663e-001
 -2.6575488e-001 -4.0306688e-001
 -2.8803288e-001 -3.1413921e-001
 -2.8361729e-001 -3.5967455e-001
 -2.6995105e-001 -4.0123015e-001
 -2.8022256e-001 -3.4226623e-001
 -2.7945332e-001 -3.8754933e-001
 -2.8887974e-001 -3.7173581e-001
 -2.6694823e-001 -3.9190982e-001
 -2.6592152e-001 -3.4015027e-001
 -2.8510682e-001 -3.9952690e-001
 -2.8505173e-001 -3.7827365e-001
 -2.8048503e-001 -3.8476561e-001
 -2.7961671e-001 -3.9771687e-001
 -2.7650909e-001 -3.5593124e-001
 -2.7899954e-001 -4.0347605e-001
 -2.7489617e-001 -3.9898811e-001
 -2.8274821e-001 -3.3161575e-001
 -2.7628776e-001 -3.3971497e-001
 -2.8521267e-001 -3.2220121e-001
 -2.6609673e-001 -3.6542446e-001
 -2.8261159e-001 -3.9603533e-001
 -2.8402449e-001 -3.2212844e-001
 -2.6759760e-001 -3.9525060e-001
 -7.1522177e-001 -3.7390858e-001
 -7.3004630e-001 -3.6878059e-001
 -7.3064933e-001 -3.9125346e-001
 -7.1434352e-001 -3.5441718e-001
 -7.3562638e-001 -3.3448654e-001
 -7.3062810e-001 -3.3865753e-001
 -7.2133191e-001 -3.6893225e-001
 -7.1837920e-001 -3.3804624e-001
 -7.1837900e-001 -3.3893485e-001
 -7.2672165e-001 -2.6785758e-001
 -7.1273067e-001 -2.6556451e-001
 -7.2918477e-001 -2.5412113e-001
 -7.1709544e-001 -2.5186291e-001
 -7.3291981e-001 -2.7776456e-001
 -7.2965910e-001 -2.8493559e-001
 -7.3467293e-001 -2.4969294e-001
 -7.2519619e-001 -2.6196272e-001
 -7.2030078e-001 -2.5343732e-001
 -7.2718278e-001 -2.3163824e-001
 -7.2900472e-001 -2.2603387e-001
 -7.1986640e-001 -2.9361034e-001
 -7.1550704e-001 -2.0638081e-001
 -7.2151153e-001 -2.1505536e-001
 -7.1253026e-001 -2.1010069e-001
 -7.3241395e-001 -2.0148105e-001
 -7.1501994e-001 -2.6089662e-001
 -7.1431053e-001 -1.9036309e-001
 -7.1310644e-001 -2.4254383e-001
 -7.2672656e-001 -2.3968847e-001
 -7.3505471e-001 -2.5826321e-001
 -7.1369966e-001 -2.0660072e-001
 -7.2652691e-001 -2.2075991e-001
 -7.2337166e-001 -1.8239915e-001
 -7.3223462e-001 -1.9603531e-001
 -7.2977101e-001 -2.2167253e-001
 -7.1588683e-001 -2.5576546e-001
 -7.1399037e-001 -2.1039388e-001
 -7.1222284e-001 -2.4622835e-001
 -7.2565094e-001 -1.8751967e-001
 -7.2195582e-001 -1.7795715e-001
 -7.2144783e-001 -1.7896619e-001
 -7.2537145e-001 -2.2951599e-001
 -7.3532522e-001 -2.2434046e-001
 -7.3056989e-001 -2.4420692e-001
 -7.2472235e-001 -1.8877168e-001
 -7.3100330e-001 -2.6450727e-001
 -7.2709953e-001 -1.8050303e-001
 -7.2943870e-001 -2.1726715e-001
 -7.3513666e-001 -2.2008806e-001
 -7.1500327e-001 -2.1204407e-001
 -7.2142096e-001 -2.0917113e-001
 -7.3300988e-001 -2.3837181e-001
 -7.3240289e-001 -1.9626740e-001
 -7.3511982e-001 -2.1946427e-001
 -7.2501028e-001 -1.9499127e-001
 -7.1445515e-001 -2.5955904e-001
 -7.3515935e-001 -1.9746557e-001
 -2.4175809e-001 -2.6543662e-001
