 -1.8523425e-003 -2.1337384e-002
 -8.8722280e-003 -4.7210549e-002
  1.0412876e-002  4.9149492e-002
  3.0300526e-003 -3.7295985e-002
 -6.6340135e-003 -1.9187321e-002
  5.0168664e-003  2.8478309e-002
 -1.9992125e-004 -3.5377451e-002
  1.0231269e-002  2.1483612e-002
  5.1734666e-003 -4.4591885e-002
  9.7033989e-003  1.2535529e-002
  8.0719335e-001  4.0886019e-002
  8.2751293e-001 -2.0912805e-003
  8.0449039e-001  6.3701217e-002
  8.0751302e-001  1.1057902e-001
  8.0481164e-001  1.8445484e-001
  8.2447874e-001  2.9484801e-001
  8.2631541e-001  4.1948524e-001
  8.1674391e-001  5.0764413e-001
  8.2410672e-001  5.8229764e-001
  8.1964398e-001  7.2673698e-001
  8.2354342e-001  8.0378710e-001
  8.1934936e-001  9.7145511e-001
  8.0665843e-001  1.0947719e+000
  8.2415108e-001  1.1879807e+000
  8.2687438e-001  1.2656781e+000
  8.2104086e-001  1.3559005e+000
  8.1914351e-001  1.4218786e+000
  8.1147585e-001  1.4957568e+000
  8.2214509e-001  1.5370298e+000
  8.0432137e-001  1.6186775e+000
  8.1415398e-001  1.6452291e+000
  8.2361200e-001  1.6656108e+000
  8.2040902e-001  1.7603971e+000
  8.2060224e-001  1.7665025e+000
  8.2603535e-001  1.7998488e+000
  8.2723691e-001  1.7874051e+000
  8.1068860e-001  1.8725888e+000
  8.2260985e-001  1.9025104e+000
  8.2664753e-001  1.9184926e+000
  8.1713183e-001  1.9584352e+000
  8.0439056e-001  1.9371733e+000
  8.2684518e-001  1.9256212e+000
  8.1131189e-001  1.9995167e+000
  8.2653170e-001  2.0347751e+000
  8.2471041e-001  1.9982187e+000
  8.1827242e-001  2.0250320e+000
  8.0989773e-001  2.0593242e+000
  8.1634112e-001  2.0936532e+000
  8.0951938e-001  2.0284032e+000
  8.2398518e-001  2.0447745e+000
  8.2648732e-001  2.0831977e+000
  8.1280071e-001  2.0521119e+000
  8.2041882e-001  2.1107223e+000
  8.2732803e-001  2.1148920e+000
  8.1010830e-001  2.1037403e+000
  8.2535863e-001  2.0972378e+000
  8.1598101e-001  2.0490471e+000
  8.1184132e-001  2.1109734e+000
  8.0778746e-001  2.0678571e+000
  8.2346612e-001  2.1152735e+000
  8.0871147e-001  2.0909689e+000
  8.0575189e-001  2.1363926e+000
  8.2331417e-001  2.1233946e+000
  8.1564927e-001  2.0773406e+000
  8.1493487e-001  2.0710407e+000
  8.2697771e-001  2.1441966e+000
  8.1615848e-001  2.1156693e+000
  8.0662738e-001  2.1423919e+000
  8.2657217e-001  2.1538146e+000
  8.1608480e-001  2.1655099e+000
  8.0945746e-001  2.0961943e+000
  8.2608791e-001  2.0786015e+000
  8.0901057e-001  2.0979772e+000
  8.0833753e-001  2.0875415e+000
  8.2809937e-001  2.0955189e+000
  8.2112013e-001  2.1446652e+000
  8.1767909e-001  2.0914342e+000
  8.0660306e-001  2.1244699e+000
  8.0467856e-001  2.0895866e+000
 -3.8422799e-001  2.1589456e+000
 -3.7611443e-001  2.0792031e+000
 -3.8560580e-001  2.0357308e+000
 -3.7286193e-001  1.9624047e+000
 -3.7312770e-001  1.8893985e+000
 -3.6455395e-001  1.7849743e+000
 -3.7480538e-001  1.6030453e+000
 -3.6696006e-001  1.5580934e+000
 -3.6680498e-001  1.3283704e+000
 -3.6334120e-001  1.2137760e+000
 -3.8436381e-001  1.1306747e+000
 -3.7353640e-001  9.9574407e-001
 -3.8244817e-001  8.8376813e-001
 -3.6394900e-001  8.1456023e-001
 -3.7524616e-001  6.3206581e-001
 -3.8617759e-001  5.2658867e-001
 -3.8533583e-001  4.4536652e-001
 -3.7559249e-001  4.3574781e-001
 -3.8079639e-001  2.7783951e-001
 -3.7104262e-001  2.7632807e-001
 -3.8575304e-001  1.9664613e-001
 -3.7788812e-001  1.7582981e-001
 -3.8397531e-001  9.2149881e-002
 -3.7146316e-001  2.5680230e-003
 -3.8473929e-001  3.3031430e-002
 -3.6496283e-001 -3.0835883e-002
 -3.7219989e-001 -1.0858500e-001
 -3.7116628e-001 -1.4035666e-001
 -3.7764054e-001 -1.2234344e-001
 -3.7138797e-001 -1.8210468e-001
 -3.6261218e-001 -2.1854761e-001
 -3.7193091e-001 -1.9975656e-001
 -3.7373225e-001 -2.3815770e-001
 -3.8079652e-001 -2.3951105e-001
 -3.6946148e-001 -3.1902633e-001
 -3.7981816e-001 -3.2331993e-001
 -3.7116079e-001 -3.1658003e-001
 -3.7319778e-001 -2.7406955e-001
 -3.8534194e-001 -2.8901265e-001
 -3.6953540e-001 -3.3989446e-001
 -3.6338795e-001 -3.6961269e-001
 -3.6602930e-001 -2.9696463e-001
 -3.6685218e-001 -3.5753659e-001
 -3.8105020e-001 -3.1000303e-001
 -3.7567026e-001 -3.9205095e-001
 -3.6399146e-001 -3.2699485e-001
 -3.8505923e-001 -4.0869651e-001
 -3.8458120e-001 -3.6629021e-001
 -3.6315781e-001 -3.7697028e-001
 -3.6327868e-001 -4.1136021e-001
 -3.6957527e-001 -3.9674285e-001
 -3.8208472e-001 -4.1513689e-001
 -3.7424141e-001 -3.9071961e-001
 -3.7559795e-001 -3.9951549e-001
 -3.6519665e-001 -3.9732691e-001
 -3.6323675e-001 -3.5136826e-001
 -3.8288650e-001 -3.9265878e-001
 -3.7667553e-001 -3.5953669e-001
 -3.7238908e-001 -3.9325818e-001
 -3.8538413e-001 -4.1296747e-001
 -3.7755921e-001 -3.7213077e-001
 -3.8641437e-001 -4.2122163e-001
 -3.8375521e-001 -4.0700678e-001
 -3.7885621e-001 -4.4101052e-001
 -3.6814300e-001 -4.4199779e-001
 -3.8067087e-001 -3.7748510e-001
 -3.7518991e-001 -3.7062446e-001
 -3.6722016e-001 -4.3859764e-001
 -3.7283099e-001 -3.7980089e-001
  3.1687089e-001 -3.9428164e-001
  3.2952590e-001 -3.6725012e-001
  3.1687739e-001 -4.1018577e-001
  3.3472518e-001 -3.4396779e-001
  3.2529421e-001 -2.6458818e-001
  3.3109036e-001 -2.6415890e-001
  3.2563369e-001 -1.2313668e-001
  3.2937672e-001 -8.3129784e-002
  3.3532121e-001 -3.3488594e-002
  3.3553800e-001  4.6860132e-002
  3.1371462e-001  6.3571805e-002
  3.3509219e-001  1.9788686e-001
  3.1503766e-001  1.7305640e-001
  3.3148669e-001  2.9741572e-001
  3.1833716e-001  3.0119949e-001
  3.1980069e-001  4.0256356e-001
  3.2040976e-001  3.6550148e-001
  3.1451351e-001  4.7120168e-001
  3.1506855e-001  4.3196485e-001
  3.2218170e-001  4.7265516e-001
  3.2569771e-001  5.2529006e-001
  3.2137662e-001  5.5553310e-001
  3.3419412e-001  6.2844460e-001
  3.3372617e-001  6.0573137e-001
  3.1472560e-001  6.2654666e-001
  3.3598651e-001  6.1613560e-001
  3.1567362e-001  6.7895970e-001
  3.1874046e-001  7.1307102e-001
  3.1982037e-001  6.6540126e-001
  3.3302279e-001  6.7241634e-001
  3.2764377e-001  7.2949383e-001
  3.3406701e-001  7.1592771e-001
  3.3087994e-001  7.4545595e-001
  3.1759234e-001  7.8424982e-001
  3.2457455e-001  7.3568078e-001
  3.2641368e-001  7.7556275e-001
  3.2885162e-001  7.2621986e-001
  3.1592766e-001  7.5600474e-001
  3.2914773e-001  8.2156832e-001
  3.1844623e-001  7.5236234e-001
  3.2877758e-001  7.8239761e-001
  3.2678847e-001  8.2997231e-001
  3.3441334e-001  7.9788463e-001
  3.3498991e-001  7.7357006e-001
  3.3238391e-001  7.7153712e-001
  3.2476180e-001  8.2690118e-001
  3.2775576e-001  8.1345484e-001
  3.3080776e-001  7.7641183e-001
  3.3005653e-001  8.2760937e-001
  3.2469064e-001  8.5085252e-001
  3.1769491e-001  8.4417030e-001
  3.3312654e-001  8.0683109e-001
  3.2576020e-001  8.0580627e-001
  3.2517096e-001  8.6478556e-001
  3.2750457e-001  8.5138535e-001
  3.1670129e-001  8.0266930e-001
  3.1969176e-001  8.0632749e-001
  3.2343710e-001  8.3224793e-001
  3.2055155e-001  8.2394695e-001
  3.2617286e-001  8.6796614e-001
  3.1364980e-001  8.0431152e-001
  3.3434448e-001  8.0985697e-001
  3.2393242e-001  8.2523250e-001
  3.2048265e-001  7.9868998e-001
  3.1850998e-001  8.0547277e-001
  3.1426195e-001  8.4674725e-001
  3.2823962e-001  8.6975281e-001
  3.1263047e-001  8.1207570e-001
  3.1329332e-001  7.7744762e-001
 -4.0717093e-001  8.1137447e-001
 -3.9612461e-001  7.9281599e-001
 -3.9052686e-001  7.9758925e-001
 -3.9625403e-001  7.9989863e-001
 -4.0917320e-001  7.3994810e-001
 -4.0220425e-001  6.1412060e-001
 -3.9180689e-001  5.9037289e-001
 -3.9554571e-001  5.7086967e-001
 -3.9904532e-001  4.2892114e-001
 -3.9095220e-001  4.4004180e-001
 -4.0694882e-001  3.6283071e-001
 -3.9505666e-001  2.7769391e-001
 -3.9772986e-001  2.1169075e-001
 -3.9432273e-001  1.4493727e-001
 -4.0704234e-001  7.8941002e-002
 -4.0495504e-001  3.1123011e-002
 -4.1038870e-001  1.5400113e-002
 -3.9666091e-001 -6.0364473e-002
 -3.9644475e-001 -7.7295011e-002
 -4.0412123e-001 -1.1456178e-001
 -4.0729690e-001 -1.1496087e-001
 -4.0216271e-001 -1.1495744e-001
 -3.8787053e-001 -1.4505990e-001
 -3.9282078e-001 -1.4633141e-001
 -4.0308892e-001 -2.1704021e-001
 -3.9303141e-001 -2.3515029e-001
 -3.9503658e-001 -3.0138561e-001
 -3.9212781e-001 -2.2012231e-001
 -3.9521836e-001 -2.8043694e-001
 -3.9723378e-001 -2.6904264e-001
 -3.8863614e-001 -2.8816209e-001
 -4.0867551e-001 -3.1933998e-001
 -4.1053468e-001 -3.2363799e-001
 -3.9463985e-001 -3.4632748e-001
 -4.0984172e-001 -2.9763337e-001
 -4.0751437e-001 -3.6931973e-001
 -3.9707498e-001 -3.3883558e-001
 -4.0423810e-001 -3.7753988e-001
 -3.9418756e-001 -3.9773004e-001
 -3.9604680e-001 -3.9277769e-001
 -3.9398357e-001 -4.0817224e-001
 -3.9850528e-001 -4.0296233e-001
 -3.9006987e-001 -3.6607800e-001
 -3.9865145e-001 -3.5523520e-001
 -4.0331816e-001 -3.4796573e-001
 -4.0912537e-001 -4.1824182e-001
 -4.0648777e-001 -4.2173155e-001
 -4.0571849e-001 -3.8884510e-001
 -4.0735183e-001 -3.5549771e-001
 -3.9316173e-001 -4.3231426e-001
 -3.9904064e-001 -3.8709202e-001
 -4.0945921e-001 -3.7794219e-001
 -4.0281608e-001 -4.4198163e-001
 -4.0579110e-001 -3.5651498e-001
 -3.9580862e-001 -4.1690014e-001
 -4.0581778e-001 -3.8443971e-001
 -3.9754874e-001 -3.7049403e-001
 -4.0679309e-001 -3.5760029e-001
 -4.1044260e-001 -3.8666797e-001
 -4.0370573e-001 -3.6128184e-001
 -4.0542290e-001 -4.2521315e-001
 -3.8738690e-001 -4.2074856e-001
 -4.0450408e-001 -4.3480147e-001
 -4.1058448e-001 -4.2606354e-001
 -4.0560794e-001 -3.6261187e-001
 -3.9114566e-001 -4.2941852e-001
 -4.0300981e-001 -3.7365876e-001
 -3.9914332e-001 -3.7999752e-001
 -3.9554565e-001 -3.9501223e-001
  4.0234857e-001 -4.1854141e-001
  4.0003691e-001 -3.8934969e-001
  3.9019056e-001 -3.8157712e-001
  3.9127166e-001 -2.9311742e-001
  4.0201716e-001 -2.5507225e-001
  3.9735172e-001 -2.2461042e-001
  3.9210185e-001 -1.4979298e-001
  4.1043834e-001 -4.6061548e-002
  3.9311569e-001  6.2762663e-003
  4.1234816e-001  1.4699926e-001
  4.1307154e-001  1.6899584e-001
  4.0012443e-001  2.1964145e-001
  4.1349411e-001  3.2905154e-001
  4.1046153e-001  3.3957489e-001
  4.0819701e-001  4.3332309e-001
  3.9659700e-001  4.8278340e-001
  4.1326479e-001  5.1416904e-001
  3.9349246e-001  5.5813144e-001
  4.0971822e-001  5.9422281e-001
  4.0641450e-001  7.3063663e-001
  4.0984491e-001  7.2849888e-001
  4.0857458e-001  7.4722270e-001
  4.0163378e-001  7.8273216e-001
  4.0883558e-001  8.1037488e-001
  4.0576209e-001  8.0500557e-001
  4.0568505e-001  8.5611203e-001
  4.1047381e-001  9.2121412e-001
  4.1015251e-001  9.4731182e-001
  4.0293724e-001  9.0308423e-001
  3.9403563e-001  9.1226730e-001
  4.0438125e-001  9.0243365e-001
  4.1125685e-001  9.1989744e-001
  4.1157554e-001  9.5256798e-001
  3.9210293e-001  9.3542630e-001
  4.0746357e-001  9.9396173e-001
  3.9605537e-001  1.0339409e+000
  3.9188248e-001  9.5192434e-001
  3.9339747e-001  1.0133608e+000
  4.0345387e-001  9.9237005e-001
  3.9035902e-001  1.0057432e+000
  3.9304057e-001  1.0484124e+000
  3.9347317e-001  1.0511386e+000
  4.0441343e-001  9.9844733e-001
  3.9016330e-001  1.0707240e+000
  3.9526335e-001  1.0797141e+000
  4.0552984e-001  1.0307657e+000
  4.0239526e-001  1.0280960e+000
  4.0534192e-001  1.0647260e+000
  4.0400946e-001  1.0139042e+000
  4.0685450e-001  1.0764485e+000
  4.1046367e-001  1.0272949e+000
  3.9900012e-001  1.0774574e+000
  4.0922489e-001  1.0996331e+000
  4.0164243e-001  1.0576243e+000
  3.9553189e-001  1.0794814e+000
  4.0412579e-001  1.0753625e+000
  3.9447014e-001  1.0056791e+000
  4.0853300e-001  1.0373784e+000
  4.1260725e-001  1.0524599e+000
  4.1256109e-001  1.0881317e+000
  4.1164531e-001  1.0406142e+000
  3.9235715e-001  1.0853489e+000
  4.0801103e-001  1.0875397e+000
  3.9104397e-001  1.0413568e+000
  3.9796698e-001  1.0288333e+000
  4.0877650e-001  1.0492172e+000
  4.0708698e-001  1.0717133e+000
  4.0724719e-001  1.1057954e+000
  3.9462354e-001  1.0184819e+000
  9.5561434e-002  1.0387825e+000
  7.8455446e-002  1.1009014e+000
  8.4346843e-002  9.9267519e-001
  8.2098434e-002  1.0087841e+000
  8.7903086e-002  9.6070358e-001
  8.6875775e-002  9.0172078e-001
  9.3016161e-002  9.3225442e-001
  9.6285551e-002  8.4557353e-001
  9.3061877e-002  8.0946856e-001
  8.9637623e-002  7.8529754e-001
  9.1547140e-002  7.5649854e-001
  9.0532303e-002  6.7194544e-001
  9.6204840e-002  6.6856782e-001
  8.4662469e-002  5.4060270e-001
  9.5449204e-002  5.2194101e-001
  9.1218335e-002  5.4353920e-001
  8.4057344e-002  4.4915351e-001
  8.1254045e-002  4.1467827e-001
  9.5391555e-002  4.0149151e-001
  9.0087686e-002  3.7416329e-001
  8.2358107e-002  3.4260173e-001
  9.0931269e-002  3.5503326e-001
  7.5611467e-002  2.9838004e-001
  8.8524524e-002  3.4176973e-001
  7.9346160e-002  2.9960907e-001
  9.5135426e-002  3.1611844e-001
  7.7643407e-002  2.9280246e-001
  9.4304621e-002  2.3883840e-001
  9.1171018e-002  2.8459951e-001
  9.6577199e-002  3.0535488e-001
  9.6438992e-002  2.2299604e-001
  9.6540984e-002  2.6160817e-001
  7.4468930e-002  2.3876227e-001
  8.3881553e-002  2.5879794e-001
  9.1683445e-002  2.7553157e-001
  7.3874785e-002  2.4752672e-001
  8.5624212e-002  2.2497015e-001
  7.9585444e-002  2.5219961e-001
  7.5537257e-002  2.1897449e-001
  7.6532961e-002  2.5680695e-001
  8.9767522e-002  1.8052142e-001
  8.8007607e-002  2.2041904e-001
  9.3219035e-002  2.3848416e-001
  9.1823617e-002  1.5726289e-001
  8.4039191e-002  2.3081897e-001
  9.0736061e-002  1.7362523e-001
  9.0161102e-002  1.4406237e-001
  9.2417670e-002  1.7768612e-001
  7.4200720e-002  2.3172589e-001
  7.8128497e-002  1.5763899e-001
  8.2228125e-002  2.2152890e-001
  7.3886295e-002  1.8811715e-001
  8.5781670e-002  1.9944618e-001
  8.0627157e-002  2.3516534e-001
  8.2691718e-002  1.7202336e-001
  9.1507981e-002  1.7228096e-001
  8.1639577e-002  2.1995139e-001
  9.5329736e-002  2.3305756e-001
  8.7309568e-002  1.8134116e-001
  8.4131335e-002  1.8502431e-001
  9.6712205e-002  2.1371440e-001
  9.0418052e-002  1.9069456e-001
  8.7398520e-002  1.6738581e-001
  7.6138068e-002  1.4357286e-001
  8.1807951e-002  1.7494872e-001
  9.0900756e-002  1.7673346e-001
  8.3636437e-002  1.4442212e-001
  9.3533712e-002  2.1167326e-001
  8.3273400e-002  2.2448512e-001
  2.4015976e-001  2.2457586e-001
  2.2623725e-001  2.2492644e-001
  2.2804320e-001  2.1461255e-001
  2.1930867e-001  1.6313631e-001
  2.2562842e-001  2.0407755e-001
  2.2338966e-001  2.5627301e-001
  2.3970909e-001  2.6846411e-001
  2.3308721e-001  2.3625085e-001
  2.4058781e-001  2.6546717e-001
  2.2967831e-001  2.6857635e-001
  2.3214251e-001  2.9800947e-001
  2.1739437e-001  3.2064251e-001
  2.2885812e-001  3.7151250e-001
  2.1738290e-001  4.0122685e-001
  2.2279016e-001  4.4526978e-001
  2.2947341e-001  3.7674255e-001
  2.2414395e-001  4.2463412e-001
  2.3721835e-001  4.0461953e-001
  2.2981523e-001  4.1354538e-001
  2.4034893e-001  4.9699461e-001
  2.3702346e-001  5.0680452e-001
  2.2429736e-001  4.9439432e-001
  2.1790602e-001  4.8535446e-001
  2.3383162e-001  5.1255351e-001
  2.2458929e-001  5.4265522e-001
  2.3523897e-001  5.1898951e-001
  2.2335176e-001  5.5514886e-001
  2.1847929e-001  4.9008701e-001
  2.2513874e-001  5.4587349e-001
  2.2475863e-001  5.5259940e-001
  2.2240557e-001  4.9196709e-001
  2.3974041e-001  4.9024647e-001
  2.2794449e-001  5.5804385e-001
  2.3742636e-001  5.5044552e-001
  2.2581224e-001  5.2808468e-001
  2.2978649e-001  5.0866737e-001
  2.3441023e-001  5.8156230e-001
  2.3242984e-001  4.9473906e-001
  2.3021320e-001  5.5246954e-001
  2.3456913e-001  5.6087728e-001
  2.3177595e-001  5.6168465e-001
  2.2624118e-001  5.6800617e-001
  2.3583013e-001  5.8950039e-001
  2.3584827e-001  5.4658749e-001
  2.2753075e-001  5.0545513e-001
  2.3315981e-001  5.2758599e-001
  2.2762955e-001  5.6019405e-001
  2.2785231e-001  5.4112143e-001
  2.2010604e-001  5.8320245e-001
  2.3223052e-001  5.2868664e-001
  2.2707032e-001  5.9347988e-001
  2.3142491e-001  5.9058854e-001
  2.2082836e-001  5.8302867e-001
  2.3976521e-001  5.9158182e-001
  2.3158062e-001  5.8388664e-001
  2.2325591e-001  5.3433400e-001
  2.3645712e-001  5.1150831e-001
  2.2790766e-001  5.7563588e-001
  2.2182602e-001  5.8348416e-001
  2.2153347e-001  5.7003048e-001
  2.2646805e-001  5.0594616e-001
  2.3317928e-001  5.8722534e-001
  2.3610888e-001  5.9695607e-001
  2.2054131e-001  5.2295458e-001
  2.2185247e-001  5.7833615e-001
  2.2080450e-001  5.0350828e-001
  2.3973145e-001  5.5967070e-001
  2.2324992e-001  5.2610912e-001
  2.3994805e-001  5.1899538e-001
  2.1139865e-001  5.2172518e-001
  2.1350027e-001  5.0511257e-001
  2.0902704e-001  5.8776951e-001
  2.2660929e-001  5.6893738e-001
  2.1349201e-001  5.0763245e-001
  2.1955024e-001  5.4367411e-001
  2.2984899e-001  5.2498166e-001
  2.1496582e-001  5.5357619e-001
  2.2408554e-001  5.7443419e-001
  2.1083103e-001  5.1542923e-001
  2.2829340e-001  5.3712775e-001
  2.2953181e-001  5.3513914e-001
  2.2485210e-001  5.8296036e-001
  2.1514124e-001  5.3443626e-001
  2.1820224e-001  5.2965375e-001
  2.2651952e-001  5.7868493e-001
  2.1431833e-001  4.9868175e-001
  2.2298419e-001  5.0126464e-001
  2.1406572e-001  5.4231577e-001
  2.1446496e-001  5.7373936e-001
  2.1306049e-001  5.0012511e-001
  2.1800015e-001  5.0502520e-001
  2.1208376e-001  5.2767632e-001
  2.2606351e-001  5.3015221e-001
  2.2722451e-001  5.3867395e-001
  2.1046442e-001  5.5932216e-001
  2.2857740e-001  4.8474447e-001
  2.1591185e-001  5.0808539e-001
  2.1455210e-001  4.8967969e-001
  2.1930709e-001  5.5218127e-001
  2.1820075e-001  4.9072301e-001
  2.2080600e-001  5.4036786e-001
  2.0843731e-001  4.9753941e-001
  2.0974968e-001  5.3555650e-001
  2.1601078e-001  5.3013869e-001
  2.1562220e-001  5.2990649e-001
  2.2490115e-001  5.1187766e-001
  2.2652927e-001  5.4433484e-001
  2.1914483e-001  5.7087695e-001
  2.2535318e-001  4.7916256e-001
  2.1784404e-001  4.9827024e-001
  2.2968717e-001  4.8905406e-001
  2.2688685e-001  5.3410174e-001
  2.1798812e-001  4.9609345e-001
  2.0818278e-001  4.8135597e-001
  2.0953706e-001  5.4895655e-001
  2.1561686e-001  5.4566827e-001
  2.2271783e-001  4.8831373e-001
  2.2125698e-001  5.1013043e-001
  2.0674009e-001  5.6660455e-001
  2.2119458e-001  5.1988522e-001
  2.2024595e-001  4.8543110e-001
  2.1276486e-001  5.1617662e-001
  2.1621197e-001  4.7803250e-001
  2.2987371e-001  5.2462423e-001
  2.2368337e-001  5.3864868e-001
  2.2492611e-001  4.7274721e-001
  2.0723515e-001  4.9698323e-001
  2.2351435e-001  5.6973603e-001
  2.0831281e-001  5.2715716e-001
  2.1826628e-001  5.1660144e-001
  2.1322142e-001  5.6856275e-001
  2.0806090e-001  5.6042450e-001
  2.1240279e-001  4.9834646e-001
  2.0758722e-001  5.2334845e-001
  2.1470026e-001  4.7788307e-001
  2.1674478e-001  5.2093670e-001
  2.2750000e-001  5.4968419e-001
  2.1683902e-001  5.3492205e-001
 -3.9326451e-001  5.0274195e-001
 -3.9818449e-001  5.6861349e-001
 -3.9347584e-001  4.6617069e-001
 -3.8234209e-001  5.2170455e-001
 -3.7913048e-001  4.2715444e-001
 -3.9586205e-001  3.6932370e-001
 -3.9120316e-001  3.2717432e-001
 -3.9472248e-001  3.4084759e-001
 -3.8588333e-001  2.9312975e-001
 -3.9469345e-001  1.7012788e-001
 -3.8563876e-001  2.0133815e-001
 -3.8945020e-001  1.3005427e-001
 -3.9791150e-001  4.2158329e-002
 -3.8578586e-001  4.0686567e-003
 -3.9224273e-001 -2.2753608e-002
 -3.9227150e-001 -6.9725875e-002
 -3.8045419e-001 -1.1673653e-001
 -3.8283459e-001 -1.0200275e-001
 -3.8532751e-001 -1.8812391e-001
 -3.8650696e-001 -1.1756401e-001
 -3.9617033e-001 -2.1783693e-001
 -3.8638957e-001 -2.4040574e-001
 -3.9860432e-001 -2.5852572e-001
 -3.9075345e-001 -2.8507120e-001
 -3.7916235e-001 -3.0415876e-001
 -3.7838893e-001 -3.0741492e-001
 -3.9276763e-001 -3.2080712e-001
 -3.9322698e-001 -2.8835221e-001
 -4.0008233e-001 -2.9747703e-001
 -3.9924056e-001 -3.4507307e-001
 -3.9484000e-001 -3.1926553e-001
 -3.8830904e-001 -3.6781823e-001
 -3.9859863e-001 -3.4150137e-001
 -3.8175857e-001 -3.2987854e-001
 -3.8689808e-001 -3.9753510e-001
 -3.9798405e-001 -3.5390657e-001
 -3.9611454e-001 -3.5352338e-001
 -3.9280701e-001 -3.7765259e-001
 -3.9012681e-001 -3.2598314e-001
 -3.9684252e-001 -3.9936254e-001
 -3.8177967e-001 -3.7100494e-001
 -3.9395461e-001 -3.3218650e-001
 -3.9677951e-001 -3.8145117e-001
 -3.8434716e-001 -3.4470146e-001
 -4.0061791e-001 -4.0580919e-001
 -3.9344153e-001 -4.0915540e-001
 -3.8637030e-001 -3.6263252e-001
 -3.8919377e-001 -4.2233814e-001
 -3.9223971e-001 -4.0199036e-001
 -3.9674198e-001 -3.6123840e-001
 -3.8164217e-001 -3.8182616e-001
 -3.9131625e-001 -3.6010441e-001
 -3.9448948e-001 -4.4201449e-001
 -3.8687591e-001 -3.8156862e-001
 -3.8331280e-001 -4.3737994e-001
 -3.8922446e-001 -3.7702560e-001
 -3.9623476e-001 -4.1085599e-001
 -3.8953486e-001 -4.1011753e-001
 -3.9600999e-001 -4.3230631e-001
 -3.8143208e-001 -3.6734690e-001
 -3.8826070e-001 -4.2664781e-001
 -3.8718715e-001 -3.7527262e-001
 -3.9673165e-001 -3.8853410e-001
 -3.9561777e-001 -3.7837818e-001
 -3.8687363e-001 -4.4848868e-001
 -3.8663296e-001 -4.2664050e-001
 -3.8614222e-001 -4.4570523e-001
 -3.9006555e-001 -4.0057592e-001
 -3.8883334e-001 -4.2960272e-001
  2.2615063e-001 -3.6664242e-001
  2.1954477e-001 -4.2049237e-001
  2.1832408e-001 -4.1635628e-001
  2.2729832e-001 -3.2374257e-001
  2.3835629e-001 -2.9664605e-001
  2.2628191e-001 -3.1215006e-001
  2.1947945e-001 -1.8205010e-001
  2.1929457e-001 -1.9047009e-001
  2.2699487e-001 -1.4587000e-001
  2.2311801e-001 -2.2278412e-002
  2.3418921e-001  9.4985768e-003
  2.3779096e-001 -8.1163081e-003
  2.4001223e-001  3.9729481e-002
  2.3190627e-001  9.9616246e-002
  2.3810689e-001  1.3518903e-001
  2.4190981e-001  2.2332139e-001
  2.2503983e-001  2.5483498e-001
  2.3630632e-001  2.0720691e-001
  2.2979264e-001  3.2587889e-001
  2.1920651e-001  3.0337328e-001
  2.3022037e-001  3.0250000e-001
  2.1882613e-001  3.7150043e-001
  2.2775162e-001  3.6632228e-001
  2.4142353e-001  4.3288201e-001
  2.3962118e-001  4.3457966e-001
  2.1858421e-001  4.5249584e-001
  2.3286462e-001  4.5322007e-001
  2.4110569e-001  4.0198177e-001
  2.2840029e-001  4.1806805e-001
  2.3026388e-001  4.9497988e-001
  2.3564153e-001  5.2654681e-001
  2.2152425e-001  4.7855288e-001
  2.3800750e-001  5.2539135e-001
  2.2228587e-001  5.4630167e-001
  2.2964799e-001  4.9281681e-001
  2.3735888e-001  4.8557424e-001
  2.3589973e-001  5.5977148e-001
  2.3395670e-001  4.9536824e-001
  2.3106450e-001  4.7720838e-001
  2.3248170e-001  5.3518237e-001
  2.1831786e-001  5.2435624e-001
  2.3136714e-001  4.8522211e-001
  2.3057539e-001  5.4883963e-001
  2.3320258e-001  4.9606462e-001
  2.3049961e-001  5.0833019e-001
  2.2693207e-001  5.2262134e-001
  2.3658258e-001  5.6112463e-001
  2.2477951e-001  5.3679954e-001
  2.3938898e-001  5.5034646e-001
  2.4156454e-001  5.0085662e-001
  2.2694936e-001  5.0036384e-001
  2.2106545e-001  5.1408374e-001
  2.2751949e-001  5.0437593e-001
  2.1802939e-001  5.0062979e-001
  2.2532684e-001  5.4234989e-001
  2.3095166e-001  5.4594816e-001
  2.1933959e-001  5.5226145e-001
  2.4008832e-001  5.5790067e-001
  2.3778328e-001  5.4053220e-001
  2.2896789e-001  5.4633568e-001
  2.2597842e-001  5.5163509e-001
  2.3178130e-001  5.9503767e-001
  2.2843596e-001  5.2776035e-001
  2.2520026e-001  5.5978845e-001
  2.4065086e-001  5.8732580e-001
  2.3848362e-001  5.7262129e-001
  2.3184641e-001  5.6149099e-001
  2.1833455e-001  5.0392689e-001
  2.3324016e-001  5.2028330e-001
  3.9141711e-001  5.4375292e-001
  3.7449691e-001  5.3205567e-001
  3.9170312e-001  5.1844714e-001
  3.8024070e-001  5.4342498e-001
  3.8969689e-001  6.0395272e-001
  3.8567406e-001  6.1420358e-001
  3.8075750e-001  6.7051877e-001
  3.9178262e-001  6.3402608e-001
  3.9505161e-001  6.8554671e-001
  3.8391696e-001  7.2828450e-001
  3.9172223e-001  7.8262845e-001
  3.8299233e-001  7.1273058e-001
  3.7335767e-001  7.9104741e-001
  3.8799326e-001  7.8844469e-001
  3.8292706e-001  8.2930786e-001
  3.7326734e-001  8.5854367e-001
  3.8362016e-001  8.4517880e-001
  3.9405793e-001  8.2090890e-001
  3.9011760e-001  8.6047648e-001
  3.8958045e-001  8.9844385e-001
  3.8201187e-001  9.0923045e-001
  3.7672304e-001  8.9948895e-001
  3.9287021e-001  8.7638271e-001
  3.8107565e-001  9.7687053e-001
  3.7411274e-001  9.8442001e-001
  3.8859661e-001  9.7469351e-001
  3.9120621e-001  9.4648130e-001
  3.8476416e-001  9.4702468e-001
  3.8458461e-001  1.0080314e+000
  3.9270185e-001  9.9824954e-001
  3.9046826e-001  9.6919796e-001
  3.7437232e-001  9.7527478e-001
  3.7544488e-001  1.0242139e+000
  3.9506336e-001  9.8513675e-001
  3.9092506e-001  1.0087967e+000
  3.7850313e-001  1.0191587e+000
  3.8398216e-001  9.4375624e-001
  3.8935620e-001  9.5456965e-001
  3.9060971e-001  9.7360064e-001
  3.8574846e-001  9.5954230e-001
  3.8941900e-001  1.0180948e+000
  3.8700666e-001  1.0373228e+000
  3.8184642e-001  9.9046293e-001
  3.8499351e-001  1.0136481e+000
  3.7620495e-001  9.6096567e-001
  3.7634536e-001  1.0399006e+000
  3.7239994e-001  9.9389063e-001
  3.9160879e-001  1.0177490e+000
  3.9473059e-001  9.8185948e-001
  3.8760146e-001  1.0365325e+000
  3.8133341e-001  9.6799973e-001
  3.9234706e-001  1.0359592e+000
  3.7838581e-001  9.6230088e-001
  3.9320536e-001  1.0014513e+000
  3.8634158e-001  9.7637460e-001
  3.7311284e-001  1.0242223e+000
  3.8125912e-001  1.0248062e+000
  3.7274148e-001  1.0246272e+000
  3.9406175e-001  9.8275644e-001
  3.7287108e-001  9.6156120e-001
  3.7874403e-001  1.0428325e+000
  3.7748318e-001  1.0272561e+000
  3.9567786e-001  9.8820854e-001
  3.7956292e-001  1.0004115e+000
  3.9515402e-001  9.7488926e-001
  3.8352495e-001  1.0540686e+000
  3.8526912e-001  1.0282434e+000
  3.8983101e-001  9.6666339e-001
  3.9067605e-001  1.0093474e+000
  2.5296965e-001  9.9631685e-001
  2.4917269e-001  1.0406290e+000
  2.6740955e-001  9.9647183e-001
  2.6280066e-001  1.0184712e+000
  2.5445141e-001  1.0147976e+000
  2.5270788e-001  9.9187238e-001
  2.7186422e-001  9.0468181e-001
  2.5926345e-001  9.0738324e-001
  2.6982657e-001  8.4772517e-001
  2.5480699e-001  9.0037671e-001
  2.5422085e-001  8.2291289e-001
  2.5999513e-001  8.0705042e-001
  2.5309211e-001  7.8951773e-001
  2.4927654e-001  7.9580281e-001
  2.4881884e-001  8.3041443e-001
  2.5176479e-001  7.3840005e-001
  2.6192433e-001  7.6979931e-001
  2.6732859e-001  7.2717876e-001
  2.6855870e-001  7.0641616e-001
  2.6569189e-001  7.0095921e-001
  2.5866964e-001  6.8578732e-001
  2.5848497e-001  7.1363237e-001
  2.6393168e-001  7.4294037e-001
  2.6192280e-001  7.2565537e-001
  2.6225400e-001  6.7364722e-001
  2.4925241e-001  6.6999351e-001
  2.7125011e-001  7.0415223e-001
  2.5913440e-001  6.9472607e-001
  2.5172238e-001  7.1232040e-001
  2.5992597e-001  6.6747236e-001
  2.5551643e-001  7.1619235e-001
  2.5216342e-001  6.9145015e-001
  2.5248169e-001  7.0894402e-001
  2.5428098e-001  6.5276449e-001
  2.6304627e-001  6.8034963e-001
  2.5013662e-001  6.4566425e-001
  2.5513048e-001  6.1699342e-001
  2.6629900e-001  6.9134354e-001
  2.6152156e-001  6.6345584e-001
  2.5530853e-001  6.4021912e-001
  2.5297024e-001  6.9448919e-001
  2.5040417e-001  6.2234788e-001
  2.6276039e-001  6.3825836e-001
  2.7228673e-001  6.8398172e-001
  2.6101412e-001  6.4218873e-001
  2.6795023e-001  6.5078383e-001
  2.5726010e-001  6.0587243e-001
  2.5264989e-001  6.2832012e-001
  2.6408299e-001  6.7581839e-001
  2.5729992e-001  6.6357291e-001
  2.5931159e-001  6.8170340e-001
  2.7027969e-001  6.6734080e-001
  2.5025324e-001  6.1403063e-001
  2.6095395e-001  6.6140403e-001
  2.7094790e-001  6.5957551e-001
  2.5935923e-001  6.1531477e-001
  2.7047794e-001  6.8711232e-001
  2.5502822e-001  6.7211813e-001
  2.6823963e-001  6.7836879e-001
  2.5906184e-001  6.3202082e-001
  2.6011703e-001  6.1391970e-001
  2.6481929e-001  6.8037388e-001
  2.6803964e-001  6.7509356e-001
  2.7215629e-001  6.0657920e-001
  2.6584002e-001  6.5452131e-001
  2.5509657e-001  6.2529336e-001
  2.6027368e-001  6.0915909e-001
  2.5322619e-001  6.4529002e-001
  2.5401401e-001  6.5222564e-001
  6.4880589e-001  6.2887909e-001
  6.4148643e-001  6.0426099e-001
  6.4677205e-001  6.3175579e-001
  6.4404600e-001  7.2442586e-001
  6.4614433e-001  7.5831468e-001
  6.3648357e-001  7.9867851e-001
  6.3741216e-001  8.6402189e-001
  6.3798956e-001  8.7584574e-001
  6.3496861e-001  1.0166236e+000
  6.3125844e-001  1.0509303e+000
  6.4316506e-001  1.0877655e+000
  6.4132591e-001  1.1037532e+000
  6.3396022e-001  1.1847037e+000
  6.3814272e-001  1.2116033e+000
  6.4383866e-001  1.2369494e+000
  6.4366593e-001  1.2914619e+000
  6.4744298e-001  1.4020354e+000
  6.4228387e-001  1.3571369e+000
  6.4025018e-001  1.4492416e+000
  6.3137287e-001  1.4548168e+000
  6.2816813e-001  1.4468745e+000
  6.3963155e-001  1.5308681e+000
  6.4898450e-001  1.5460079e+000
  6.4783982e-001  1.5262761e+000
  6.4812526e-001  1.5552577e+000
  6.2800672e-001  1.5489473e+000
  6.4678558e-001  1.5705759e+000
  6.3067681e-001  1.6275479e+000
  6.3385309e-001  1.6029935e+000
  6.4356402e-001  1.6248997e+000
  6.2616354e-001  1.6869640e+000
  6.3904747e-001  1.6291928e+000
  6.2940617e-001  1.6586988e+000
  6.4356307e-001  1.6971226e+000
  6.4345811e-001  1.6616900e+000
  6.4753474e-001  1.6472344e+000
  6.3200326e-001  1.6840435e+000
  6.4431484e-001  1.7144699e+000
  6.2825153e-001  1.6840996e+000
  6.3706403e-001  1.7506133e+000
  6.4403313e-001  1.7270602e+000
  6.3031085e-001  1.7419181e+000
  6.3346517e-001  1.7305747e+000
  6.4106409e-001  1.7391611e+000
  6.3992816e-001  1.7737153e+000
  6.4183661e-001  1.7228164e+000
  6.4826612e-001  1.6963735e+000
  6.3462988e-001  1.7056059e+000
  6.4437697e-001  1.7412581e+000
  6.4531130e-001  1.7299709e+000
  6.4545560e-001  1.6944135e+000
  6.4969846e-001  1.7180862e+000
  6.4095067e-001  1.7236596e+000
  6.3461214e-001  1.7456866e+000
  6.4943321e-001  1.7153987e+000
  6.3619557e-001  1.7291148e+000
  6.2685372e-001  1.7128709e+000
  6.4633602e-001  1.7606134e+000
  6.4152276e-001  1.7328061e+000
  6.3902724e-001  1.7115471e+000
  6.4307952e-001  1.7672041e+000
  6.3692619e-001  1.7009702e+000
  6.4060977e-001  1.7088720e+000
  6.4123209e-001  1.7747562e+000
  6.2968064e-001  1.7780611e+000
  6.4934974e-001  1.7870441e+000
  6.4065173e-001  1.7169432e+000
  6.3110239e-001  1.7082042e+000
  6.4941309e-001  1.7577851e+000
  4.0543668e-001  1.7906802e+000
  4.1977036e-001  1.7576522e+000
  4.0956177e-001  1.7227348e+000
  4.1228206e-001  1.7340240e+000
  4.0863385e-001  1.6727921e+000
  4.1410411e-001  1.6137621e+000
  4.2050010e-001  1.6083912e+000
  4.0306160e-001  1.6135966e+000
  4.1164225e-001  1.5445737e+000
  4.1299967e-001  1.5222308e+000
  4.2272786e-001  1.4555576e+000
  4.0352124e-001  1.4931655e+000
  4.2267782e-001  1.4054979e+000
  4.2202835e-001  1.4435391e+000
  4.1038212e-001  1.3639843e+000
  4.0508182e-001  1.3219160e+000
  4.2478617e-001  1.3115225e+000
  4.1667625e-001  1.3307905e+000
  4.2299297e-001  1.2406624e+000
  4.0525572e-001  1.2174009e+000
  4.0985024e-001  1.2836900e+000
  4.0445069e-001  1.2730146e+000
  4.2327771e-001  1.1905462e+000
  4.1131367e-001  1.1675489e+000
  4.0804246e-001  1.2113108e+000
  4.1044694e-001  1.2344503e+000
  4.0470752e-001  1.1563497e+000
  4.0446981e-001  1.1523233e+000
  4.2621575e-001  1.1223522e+000
  4.1872215e-001  1.1175626e+000
  4.0655481e-001  1.1632539e+000
  4.0435237e-001  1.1364614e+000
  4.2167240e-001  1.1727702e+000
  4.2658634e-001  1.1281030e+000
  4.2588537e-001  1.1740137e+000
  4.0896728e-001  1.1695698e+000
  4.2009604e-001  1.0871287e+000
  4.1341622e-001  1.1566703e+000
  4.1340366e-001  1.1130013e+000
  4.1430234e-001  1.0874587e+000
  4.1963240e-001  1.1334850e+000
  4.1051796e-001  1.1240669e+000
  4.1285159e-001  1.0956853e+000
  4.0477113e-001  1.1360131e+000
  4.1911626e-001  1.1546319e+000
  4.0626869e-001  1.1235607e+000
  4.1136116e-001  1.1118986e+000
  4.0783195e-001  1.0685639e+000
  4.2205424e-001  1.1110770e+000
  4.2284193e-001  1.1063091e+000
  4.2252228e-001  1.0937151e+000
  4.0462032e-001  1.0993360e+000
  4.2407649e-001  1.0713278e+000
  4.0663395e-001  1.0778782e+000
  4.0600063e-001  1.1463734e+000
  4.2324915e-001  1.1361787e+000
  4.0837555e-001  1.1164831e+000
  4.0994504e-001  1.0792566e+000
  4.0413206e-001  1.1075091e+000
  4.0719018e-001  1.0521774e+000
  4.2577475e-001  1.0899794e+000
  4.2113102e-001  1.1229740e+000
  4.2216597e-001  1.1236568e+000
  4.1368447e-001  1.1121640e+000
  4.2465486e-001  1.1473172e+000
  4.2219385e-001  1.1323656e+000
  4.1045281e-001  1.1329197e+000
  4.2344309e-001  1.1118942e+000
  4.0702328e-001  1.0988712e+000
  4.9005825e-001  1.1212604e+000
  5.0682690e-001  1.0876730e+000
  5.0182572e-001  1.0579199e+000
  5.0633253e-001  1.0926254e+000
  5.0085820e-001  1.0988014e+000
  5.0678012e-001  1.1288152e+000
  5.0738821e-001  1.1067695e+000
  4.9782236e-001  1.2052917e+000
  4.9083163e-001  1.1300694e+000
  5.0417690e-001  1.1607121e+000
  5.0051582e-001  1.2430520e+000
  5.0452334e-001  1.1803002e+000
  5.0703753e-001  1.2189539e+000
  5.0752786e-001  1.2073872e+000
  5.0163665e-001  1.2828928e+000
  4.9741647e-001  1.2558172e+000
  4.9949568e-001  1.2949051e+000
  5.0140166e-001  1.3050903e+000
  4.9742125e-001  1.2862621e+000
  4.8907687e-001  1.2786567e+000
  5.0968681e-001  1.2574111e+000
  5.0503023e-001  1.3002233e+000
  4.9178556e-001  1.2923771e+000
  4.9661455e-001  1.2976954e+000
  5.0751433e-001  1.2910573e+000
  5.0023029e-001  1.2971606e+000
  4.9175843e-001  1.2741330e+000
  4.9385612e-001  1.3568583e+000
  5.0452576e-001  1.3179891e+000
  4.9839010e-001  1.3776811e+000
  5.0571952e-001  1.3535953e+000
  5.0626516e-001  1.3002460e+000
  5.0393315e-001  1.3585479e+000
  4.9191524e-001  1.2969216e+000
  4.9518622e-001  1.3443987e+000
  4.9154380e-001  1.3042111e+000
  5.0888328e-001  1.3055725e+000
  4.9561831e-001  1.3824200e+000
  5.0756535e-001  1.3752202e+000
  4.9902081e-001  1.3922558e+000
  4.8746211e-001  1.3664312e+000
  4.8711348e-001  1.3871218e+000
  5.0342269e-001  1.3127271e+000
  4.9890440e-001  1.2982693e+000
  5.0813208e-001  1.3434311e+000
  5.0920617e-001  1.3457181e+000
  4.9857033e-001  1.3663176e+000
  4.9006716e-001  1.3108961e+000
  4.9867901e-001  1.3730081e+000
  4.9323689e-001  1.3784293e+000
  5.0094491e-001  1.3476186e+000
  5.1001347e-001  1.3479396e+000
  5.0343401e-001  1.3474695e+000
  4.9034964e-001  1.3363614e+000
  4.9528481e-001  1.3027842e+000
  5.1071390e-001  1.3494791e+000
  4.8886344e-001  1.3951929e+000
  4.9872543e-001  1.3975068e+000
  5.0146664e-001  1.3861802e+000
  4.9492288e-001  1.3191378e+000
  4.8999642e-001  1.3285583e+000
  4.9787390e-001  1.3858174e+000
  4.9038596e-001  1.3816336e+000
  5.0715602e-001  1.3074697e+000
  4.8899833e-001  1.3607410e+000
  4.9406051e-001  1.3496881e+000
  4.9411764e-001  1.3377795e+000
  4.8855474e-001  1.3221549e+000
  4.9557670e-001  1.3862072e+000
 -4.9322028e-001  1.3994065e+000
 -4.8492574e-001  1.3389376e+000
 -4.8879261e-001  1.3145020e+000
 -4.8001854e-001  1.2386692e+000
 -4.7304371e-001  1.1707198e+000
 -4.7661256e-001  1.0750107e+000
 -4.8446126e-001  1.0315352e+000
 -4.7438879e-001  8.9436346e-001
 -4.8226888e-001  8.3224609e-001
 -4.8879554e-001  7.0990937e-001
 -4.9218643e-001  6.6243735e-001
 -4.9252464e-001  5.4838920e-001
 -4.7951354e-001  5.0110157e-001
 -4.7704982e-001  4.6172003e-001
 -4.8044546e-001  3.2873630e-001
 -4.9520048e-001  3.2495778e-001
 -4.8026683e-001  2.0630944e-001
 -4.8825560e-001  1.5852385e-001
 -4.8449784e-001  8.2669756e-002
 -4.8784502e-001  3.4233645e-002
 -4.8310633e-001 -1.6631294e-003
 -4.7596693e-001 -2.2952856e-002
 -4.7590907e-001 -6.6170627e-002
 -4.9521393e-001 -1.2533255e-001
 -4.7701074e-001 -1.5329372e-001
 -4.8907249e-001 -1.3042538e-001
 -4.8249583e-001 -1.7132393e-001
 -4.8802555e-001 -1.5080159e-001
 -4.9333184e-001 -1.7096317e-001
 -4.7718300e-001 -2.5551357e-001
 -4.8802868e-001 -2.2840581e-001
 -4.9358250e-001 -2.3953229e-001
 -4.9613425e-001 -2.7599832e-001
 -4.8934307e-001 -2.5911515e-001
 -4.7797440e-001 -3.1600116e-001
 -4.9672184e-001 -3.0732959e-001
 -4.9314105e-001 -2.9450617e-001
 -4.8059084e-001 -2.9238666e-001
 -4.7831913e-001 -2.9303649e-001
 -4.7431816e-001 -3.8266549e-001
 -4.9024733e-001 -3.3640503e-001
 -4.8676935e-001 -3.0336895e-001
 -4.8372486e-001 -3.4738315e-001
 -4.8121943e-001 -3.1112635e-001
 -4.8172458e-001 -3.5219608e-001
 -4.8858064e-001 -4.0784030e-001
 -4.8114531e-001 -3.6305419e-001
 -4.9258615e-001 -3.5223244e-001
 -4.7844843e-001 -3.9667169e-001
 -4.8960974e-001 -4.2047763e-001
 -4.9082582e-001 -3.7168266e-001
 -4.9593728e-001 -3.5172396e-001
 -4.8741541e-001 -3.4152581e-001
 -4.7694903e-001 -3.9231221e-001
 -4.7752347e-001 -3.6645754e-001
 -4.7576509e-001 -3.6819315e-001
 -4.9390422e-001 -3.9240067e-001
 -4.8191924e-001 -3.8555787e-001
 -4.7966158e-001 -3.6325475e-001
 -4.9112214e-001 -4.1406387e-001
 -4.8857338e-001 -3.3657318e-001
 -4.7540337e-001 -3.9134784e-001
 -4.9109123e-001 -3.9992043e-001
 -4.7325304e-001 -3.4561562e-001
 -4.8859824e-001 -3.5311879e-001
 -4.8615605e-001 -4.3384056e-001
 -4.8835073e-001 -3.7157136e-001
 -4.8400591e-001 -4.1421125e-001
 -4.9254819e-001 -4.1247227e-001
  5.6537122e-001 -4.0207368e-001
  5.6728672e-001 -4.1566033e-001
  5.4848029e-001 -3.8177362e-001
  5.7064434e-001 -3.1389417e-001
  5.5305218e-001 -1.9914467e-001
  5.6740471e-001 -8.6893491e-002
  5.4873397e-001 -2.4921165e-002
  5.6312748e-001  3.3992733e-002
  5.6296631e-001  1.6905776e-001
  5.5800867e-001  2.8671461e-001
  5.5319153e-001  4.1827453e-001
  5.7009640e-001  4.7270696e-001
  5.5535632e-001  5.6700549e-001
  5.5177598e-001  6.4481457e-001
  5.6893810e-001  6.8055441e-001
  5.5931210e-001  7.6375821e-001
  5.5620315e-001  8.6724426e-001
  5.7058850e-001  9.0227085e-001
  5.5433731e-001  9.8299476e-001
  5.5342226e-001  1.0379112e+000
  5.5063336e-001  1.0494760e+000
  5.6471429e-001  1.1047686e+000
  5.7036697e-001  1.1201266e+000
  5.5604782e-001  1.1732035e+000
  5.6168815e-001  1.2359613e+000
  5.6147110e-001  1.2580654e+000
  5.6930798e-001  1.3113679e+000
  5.5633379e-001  1.2967662e+000
  5.6713138e-001  1.3538052e+000
  5.5343706e-001  1.3679804e+000
  5.6588850e-001  1.3386833e+000
  5.5970787e-001  1.3913187e+000
  5.5709867e-001  1.4307666e+000
  5.7179909e-001  1.3753637e+000
  5.6483399e-001  1.4716590e+000
  5.6326646e-001  1.4081798e+000
  5.6462048e-001  1.4360236e+000
  5.7041035e-001  1.5067891e+000
  5.6019802e-001  1.4839308e+000
  5.6832135e-001  1.4269266e+000
  5.5436398e-001  1.4722855e+000
  5.5211356e-001  1.5342905e+000
  5.6806800e-001  1.4466689e+000
  5.5057626e-001  1.5400016e+000
  5.6945639e-001  1.4762154e+000
  5.5664063e-001  1.5225347e+000
  5.5630076e-001  1.5140094e+000
  5.5121865e-001  1.5219908e+000
  5.5576114e-001  1.4638470e+000
  5.5830323e-001  1.5423966e+000
  5.5282872e-001  1.5134415e+000
  5.4910074e-001  1.4955646e+000
  5.5745937e-001  1.5646229e+000
  5.5887959e-001  1.5390678e+000
  5.6682549e-001  1.4722768e+000
  5.6090261e-001  1.5041411e+000
  5.5084753e-001  1.5483648e+000
  5.6434327e-001  1.5206807e+000
  5.6513027e-001  1.5408909e+000
  5.5342742e-001  1.5344462e+000
  5.6818724e-001  1.5314798e+000
  5.6141876e-001  1.5643585e+000
  5.6165780e-001  1.5282526e+000
  5.5379666e-001  1.4900034e+000
  5.5839977e-001  1.5046220e+000
  5.7004717e-001  1.5263208e+000
  5.5079124e-001  1.4849943e+000
  5.6859622e-001  1.5171146e+000
  5.5804489e-001  1.5361090e+000
  5.7321732e-001  1.5783524e+000
  5.6191975e-001  1.4844918e+000
  5.5752795e-001  1.5137178e+000
  5.6073146e-001  1.4843199e+000
  5.6836243e-001  1.5360101e+000
  5.6101212e-001  1.5103841e+000
  5.6506962e-001  1.4875507e+000
  5.6368683e-001  1.5814709e+000
  5.7100714e-001  1.5816655e+000
  5.6180604e-001  1.5720897e+000
  5.7473271e-001  1.5682941e+000
  5.5725966e-001  1.5589082e+000
  5.6453345e-001  1.5178969e+000
  5.6314246e-001  1.5865318e+000
  5.7191114e-001  1.5308953e+000
  5.5897632e-001  1.5365902e+000
  5.6425161e-001  1.5797345e+000
  5.7908900e-001  1.5857370e+000
  5.5947035e-001  1.5784480e+000
  5.6978116e-001  1.5133226e+000
  5.7103412e-001  1.5889602e+000
  5.5741760e-001  1.5135273e+000
  5.5638135e-001  1.5345805e+000
  5.6513008e-001  1.5497528e+000
  5.6374395e-001  1.5657718e+000
  5.7250340e-001  1.5135657e+000
  5.6400933e-001  1.5326116e+000
  5.5696744e-001  1.5942958e+000
  5.8002129e-001  1.5197624e+000
  5.6993229e-001  1.5757234e+000
  5.5847950e-001  1.5080709e+000
  5.6041725e-001  1.5824786e+000
  5.7831038e-001  1.5720468e+000
  5.6935095e-001  1.5399663e+000
  5.7384658e-001  1.5256605e+000
  5.7347502e-001  1.5931904e+000
  5.6870196e-001  1.5492904e+000
  5.6760347e-001  1.5624883e+000
  5.6589370e-001  1.5584117e+000
  5.7707252e-001  1.5982427e+000
  5.7828528e-001  1.5730088e+000
  5.5804525e-001  1.5808724e+000
  5.6021995e-001  1.5684504e+000
  5.6104072e-001  1.5394268e+000
  5.7907634e-001  1.5910580e+000
  5.7610417e-001  1.5276264e+000
  5.7227042e-001  1.5967123e+000
  5.7705756e-001  1.5963250e+000
  5.7641254e-001  1.5268717e+000
  5.7064974e-001  1.5101859e+000
  5.7840231e-001  1.5107468e+000
  5.5954976e-001  1.5969796e+000
  5.6147203e-001  1.5297272e+000
  5.6835479e-001  1.5176844e+000
  5.5814074e-001  1.5448553e+000
  5.6371054e-001  1.5174606e+000
  5.7980191e-001  1.5440443e+000
  5.6070512e-001  1.5801706e+000
  5.5766037e-001  1.5869558e+000
  5.6902795e-001  1.5840597e+000
  5.7273165e-001  1.5193808e+000
  5.5820497e-001  1.5447978e+000
  5.6495611e-001  1.5623767e+000
  5.7618050e-001  1.6035448e+000
  5.7263894e-001  1.5263596e+000
  5.6752178e-001  1.5172488e+000
  5.7839300e-001  1.5770405e+000
  5.7678506e-001  1.5074381e+000
  5.7265402e-001  1.5174408e+000
 -1.3028272e-001  1.5918051e+000
 -1.4314344e-001  1.5465861e+000
 -1.3767484e-001  1.5682513e+000
 -1.5029641e-001  1.4673485e+000
 -1.4187082e-001  1.4207562e+000
 -1.2819991e-001  1.2990380e+000
 -1.4727179e-001  1.2298134e+000
 -1.4695609e-001  1.1392861e+000
 -1.5142218e-001  9.7960939e-001
 -1.3494823e-001  9.6432443e-001
 -1.3195593e-001  8.5594390e-001
 -1.4370782e-001  7.0746801e-001
 -1.4267007e-001  6.3345861e-001
 -1.4061122e-001  5.6421459e-001
 -1.4419224e-001  4.7448062e-001
 -1.3549253e-001  4.1449358e-001
 -1.3472846e-001  3.9248381e-001
 -1.2934680e-001  2.8445455e-001
 -1.4533610e-001  2.6836505e-001
 -1.5004103e-001  2.4028178e-001
 -1.5114185e-001  1.9123560e-001
 -1.5004467e-001  1.8160229e-001
 -1.4878247e-001  6.3415092e-002
 -1.4192741e-001  8.1474051e-002
 -1.4521099e-001  4.1167476e-002
 -1.3060030e-001  5.9200716e-003
 -1.4863736e-001 -1.2377865e-002
 -1.3993467e-001 -1.7506003e-002
 -1.3957345e-001 -9.2124297e-002
 -1.3979542e-001 -9.6280063e-002
 -1.5058024e-001 -8.5966175e-002
 -1.3911896e-001 -1.4361759e-001
 -1.3870770e-001 -1.4214814e-001
 -1.3446828e-001 -1.4248610e-001
 -1.4062405e-001 -1.2985014e-001
 -1.3744292e-001 -1.6359190e-001
 -1.3027904e-001 -1.4716378e-001
 -1.5188869e-001 -1.2442805e-001
 -1.5068376e-001 -1.9646152e-001
 -1.4232867e-001 -1.4216617e-001
 -1.4382834e-001 -1.5731397e-001
 -1.3036549e-001 -2.1624865e-001
 -1.3062386e-001 -2.0060457e-001
 -1.4815242e-001 -2.3351147e-001
 -1.3682275e-001 -1.5886428e-001
 -1.4573700e-001 -2.2434592e-001
 -1.3862806e-001 -2.3609235e-001
 -1.4361641e-001 -1.8394691e-001
 -1.3892461e-001 -1.7248045e-001
 -1.3992064e-001 -2.5330323e-001
 -1.5180870e-001 -2.1306363e-001
 -1.3189128e-001 -2.0623252e-001
 -1.3146563e-001 -1.6967505e-001
 -1.4499599e-001 -2.0190354e-001
 -1.3970939e-001 -1.8485874e-001
 -1.3586471e-001 -2.5460772e-001
 -1.3833066e-001 -2.6769842e-001
 -1.5087814e-001 -2.6677429e-001
 -1.3740798e-001 -2.2328545e-001
 -1.4072739e-001 -2.3351717e-001
 -1.4643605e-001 -2.5327871e-001
 -1.3539153e-001 -2.3246249e-001
 -1.2872324e-001 -1.8091131e-001
 -1.4754341e-001 -2.5662299e-001
 -1.2924140e-001 -2.0541026e-001
 -1.5070303e-001 -1.9915579e-001
 -1.4687608e-001 -2.0981996e-001
 -1.3379237e-001 -2.1724956e-001
 -1.4216261e-001 -2.4316830e-001
  6.1893441e-001 -2.3766120e-001
  6.0186021e-001 -2.3858628e-001
  6.0359464e-001 -1.7262528e-001
  6.1169075e-001 -1.6874158e-001
  6.0199467e-001 -6.7053397e-002
  6.0625713e-001  6.7888963e-003
  6.0517625e-001  1.2261705e-001
  6.1521014e-001  2.7503133e-001
  6.0608922e-001  2.8866849e-001
  5.9582967e-001  4.5236048e-001
  6.0667146e-001  5.5962285e-001
  6.0595711e-001  6.4212976e-001
  5.9700788e-001  7.0781277e-001
  6.0543725e-001  7.9190794e-001
  5.9716206e-001  8.9334818e-001
  6.1052113e-001  9.5223950e-001
  6.1665902e-001  9.6324418e-001
  5.9921648e-001  1.0238890e+000
  6.1076303e-001  1.1062998e+000
  6.0592560e-001  1.1926601e+000
  5.9982977e-001  1.2202916e+000
  6.1917339e-001  1.2196759e+000
  6.0259057e-001  1.3259726e+000
  6.1732010e-001  1.3343950e+000
  6.1846894e-001  1.3826910e+000
  5.9801634e-001  1.4537766e+000
  6.1690721e-001  1.4676480e+000
  6.1636526e-001  1.4890718e+000
  6.0341955e-001  1.4307555e+000
  6.1135381e-001  1.5307422e+000
  6.1755368e-001  1.4907515e+000
  6.0623812e-001  1.5456932e+000
  6.0337528e-001  1.5610205e+000
  6.0572272e-001  1.5329286e+000
  5.9640831e-001  1.5512953e+000
  6.1927257e-001  1.5531203e+000
  6.0124081e-001  1.6084053e+000
  6.1475535e-001  1.5773485e+000
  6.1483400e-001  1.5953338e+000
  5.9996745e-001  1.6533009e+000
  6.1205572e-001  1.5712423e+000
  6.0747368e-001  1.6531428e+000
  6.0136005e-001  1.6400699e+000
  6.1142446e-001  1.6622271e+000
  6.1094072e-001  1.6160729e+000
  6.0824248e-001  1.6823010e+000
  5.9923624e-001  1.6810260e+000
  6.0902212e-001  1.6024705e+000
  6.1965083e-001  1.6850142e+000
  6.1216263e-001  1.6866372e+000
  5.9788659e-001  1.6071363e+000
  6.1576720e-001  1.6522426e+000
  6.1844062e-001  1.6301856e+000
  6.1228188e-001  1.6918054e+000
  6.1065791e-001  1.6713692e+000
  6.0440602e-001  1.6173347e+000
  6.1678358e-001  1.6437105e+000
  6.0511770e-001  1.6378410e+000
  6.0342660e-001  1.6454975e+000
  6.0365456e-001  1.6844260e+000
  6.1844014e-001  1.6401861e+000
  6.1787641e-001  1.7061827e+000
  6.0538117e-001  1.6317863e+000
  6.1725980e-001  1.6836096e+000
  6.1428678e-001  1.6363209e+000
  6.1137404e-001  1.7003569e+000
  6.1416893e-001  1.6831721e+000
  6.1937014e-001  1.6931734e+000
  6.1607275e-001  1.7018589e+000
 -2.8199145e-001  1.6385486e+000
 -2.7469889e-001  1.6745940e+000
 -2.8295670e-001  1.5808993e+000
 -2.7042856e-001  1.5588695e+000
 -2.7845440e-001  1.5117456e+000
 -2.6848657e-001  1.3721735e+000
 -2.8177970e-001  1.2334439e+000
 -2.6367383e-001  1.1272345e+000
 -2.8228442e-001  1.1097150e+000
 -2.7325287e-001  9.5855221e-001
 -2.7883026e-001  8.8558848e-001
 -2.7492839e-001  7.3244333e-001
 -2.6046663e-001  6.5851659e-001
 -2.7321714e-001  6.1837745e-001
 -2.6997537e-001  4.9380922e-001
 -2.8330128e-001  4.2687349e-001
 -2.7362260e-001  3.3958232e-001
 -2.7466466e-001  2.3804771e-001
 -2.8244562e-001  1.9660163e-001
 -2.8030083e-001  2.1121010e-001
 -2.7990021e-001  1.2489477e-001
 -2.6207448e-001  8.9691553e-002
 -2.7244855e-001  7.3022626e-002
 -2.7003330e-001 -4.6450382e-003
 -2.8323477e-001 -6.7738188e-002
 -2.7133782e-001 -1.0291399e-001
 -2.7307430e-001 -1.4094896e-001
 -2.8136440e-001 -1.7022754e-001
 -2.7205913e-001 -1.1046383e-001
 -2.6666740e-001 -1.9089995e-001
 -2.7787700e-001 -1.9047853e-001
 -2.7487733e-001 -2.2467758e-001
 -2.6205137e-001 -2.2288957e-001
 -2.6531005e-001 -2.4952296e-001
 -2.6270363e-001 -2.1575060e-001
 -2.7708276e-001 -2.8460561e-001
 -2.7578430e-001 -2.5747175e-001
 -2.6844106e-001 -2.9268935e-001
 -2.7183395e-001 -2.8136035e-001
 -2.6644397e-001 -2.5864885e-001
 -2.6986832e-001 -3.1936489e-001
 -2.6297241e-001 -3.6007746e-001
 -2.6855270e-001 -3.3892842e-001
 -2.7498942e-001 -3.5884833e-001
 -2.8332246e-001 -3.6051517e-001
 -2.7868043e-001 -3.5965772e-001
 -2.6543693e-001 -3.6560542e-001
 -2.6944290e-001 -3.0536295e-001
 -2.7086456e-001 -3.8248073e-001
 -2.8160080e-001 -3.4694588e-001
 -2.5952879e-001 -3.0948825e-001
 -2.6551783e-001 -3.7196707e-001
 -2.8314220e-001 -3.1222389e-001
 -2.6858758e-001 -3.8346650e-001
 -2.7510129e-001 -3.5728544e-001
 -2.8051668e-001 -3.7284310e-001
 -2.7864841e-001 -3.8230391e-001
 -2.6335635e-001 -3.7734006e-001
 -2.7010555e-001 -3.7472146e-001
 -2.8146520e-001 -3.8703931e-001
 -2.7975338e-001 -3.0983075e-001
 -2.6858648e-001 -3.1909433e-001
 -2.8222603e-001 -3.0444515e-001
 -2.7024439e-001 -3.7891859e-001
 -2.7998505e-001 -3.7215376e-001
 -2.8101735e-001 -3.8056439e-001
 -2.7469291e-001 -3.4270678e-001
 -2.7735432e-001 -3.9246308e-001
 -2.7980622e-001 -3.6543697e-001
  3.3965502e-001 -3.6411385e-001
  3.2889251e-001 -3.4331773e-001
  3.2812800e-001 -2.9672322e-001
  3.2893025e-001 -3.3583716e-001
  3.2819369e-001 -2.8260874e-001
  3.2956464e-001 -2.0469154e-001
  3.4270271e-001 -1.6071708e-001
  3.3936449e-001 -1.0003219e-001
  3.3664530e-001  1.2357408e-002
  3.2621861e-001  1.0870398e-001
  3.3733533e-001  9.3014176e-002
  3.2491712e-001  2.1189249e-001
  3.1967277e-001  2.1870949e-001
  3.3554066e-001  3.2571610e-001
  3.2978046e-001  2.8953877e-001
  3.3993838e-001  4.2842674e-001
  3.2673028e-001  4.4447915e-001
  3.1942687e-001  4.6393085e-001
  3.2627716e-001  5.0710985e-001
  3.1972929e-001  5.2992464e-001
  3.3427246e-001  5.7076400e-001
  3.4259493e-001  5.9295370e-001
  3.3461947e-001  5.9008193e-001
  3.2293829e-001  5.9545562e-001
  3.3982612e-001  6.1824668e-001
  3.2251465e-001  7.0405849e-001
  3.4081984e-001  6.7976745e-001
  3.3846788e-001  6.8603955e-001
  3.4164912e-001  7.0411242e-001
  3.2854977e-001  7.8755951e-001
  3.2781278e-001  7.4149771e-001
  3.2572544e-001  7.2161996e-001
  3.3460553e-001  7.2701468e-001
  3.3564824e-001  7.4287388e-001
  3.2765300e-001  7.5907869e-001
  3.4076924e-001  7.5863967e-001
  3.2862197e-001  7.8638875e-001
  3.3396052e-001  8.3283854e-001
  3.2822728e-001  8.0345158e-001
  3.2984484e-001  8.2628440e-001
  3.2887399e-001  8.2529109e-001
  3.2317204e-001  7.7930710e-001
  3.3339373e-001  8.3605334e-001
  3.2751705e-001  7.8600201e-001
  3.2066632e-001  8.3209429e-001
  3.3260303e-001  7.9909712e-001
  3.3473626e-001  7.9665156e-001
  3.3716970e-001  7.9646874e-001
  3.4307353e-001  8.4649410e-001
  3.2362462e-001  7.8766326e-001
  3.3498039e-001  8.0322563e-001
  3.2527167e-001  8.5225988e-001
  3.3580440e-001  8.1287269e-001
  3.2806253e-001  7.8953319e-001
  3.2314769e-001  8.2596362e-001
  3.2369832e-001  8.5415813e-001
  3.2719495e-001  8.6966126e-001
  3.3124468e-001  8.3121425e-001
  3.2423936e-001  8.3336198e-001
  3.2936049e-001  8.5320759e-001
  3.4135331e-001  8.3534039e-001
  3.2987114e-001  7.9358033e-001
  3.4003230e-001  7.9668536e-001
  3.3957584e-001  8.3376019e-001
  3.2751869e-001  8.3155983e-001
  3.3012276e-001  8.6755507e-001
  3.3153613e-001  7.9885903e-001
  3.3823291e-001  8.1414049e-001
  3.4079181e-001  8.4298336e-001
  7.1683673e-001  8.9404033e-001
  7.0738443e-001  8.2117956e-001
  7.1896967e-001  8.7607960e-001
  7.0054360e-001  9.1866881e-001
  7.1861197e-001  9.2541475e-001
  7.0533906e-001  9.9751184e-001
  7.0860014e-001  1.0725545e+000
  7.0385347e-001  1.1444082e+000
  7.2109867e-001  1.2025710e+000
  7.1928397e-001  1.1957557e+000
  7.0416323e-001  1.3143876e+000
  7.0632234e-001  1.3362299e+000
  7.1731597e-001  1.3523795e+000
  7.1319653e-001  1.3974482e+000
  7.2049397e-001  1.4829303e+000
  7.0180527e-001  1.4904161e+000
  7.0854947e-001  1.5625973e+000
  7.0056461e-001  1.6064503e+000
  7.2021809e-001  1.6562339e+000
  7.0642787e-001  1.6501914e+000
  7.2124856e-001  1.6603169e+000
  7.1660032e-001  1.6555646e+000
  7.2225188e-001  1.6853194e+000
  7.1269748e-001  1.7257961e+000
  7.0522215e-001  1.7412133e+000
  7.1399614e-001  1.7380704e+000
  7.1746585e-001  1.8099431e+000
  7.0812043e-001  1.8133030e+000
  7.0001100e-001  1.8316905e+000
  7.0264292e-001  1.8312698e+000
  7.0095780e-001  1.8015588e+000
  7.1610357e-001  1.8317669e+000
  7.1923134e-001  1.8431751e+000
  7.0886608e-001  1.8860548e+000
  6.9950252e-001  1.8821165e+000
  7.0661730e-001  1.8938067e+000
  6.9930915e-001  1.8974815e+000
  7.1743184e-001  1.9014787e+000
  7.1532361e-001  1.8856655e+000
  7.1235785e-001  1.9163592e+000
  7.1256497e-001  1.8878330e+000
  7.1974302e-001  1.8699498e+000
  7.2107160e-001  1.9230522e+000
  7.2004653e-001  1.8927748e+000
  7.0748131e-001  1.9156809e+000
  7.2057319e-001  1.9269932e+000
  7.0556954e-001  1.8678166e+000
  7.0699549e-001  1.8899830e+000
  7.1968143e-001  1.8788555e+000
  7.0399875e-001  1.9479900e+000
  7.1177791e-001  1.9086040e+000
  7.1599917e-001  1.9012874e+000
  7.1413918e-001  1.8741906e+000
  7.0439608e-001  1.9368385e+000
  7.1068420e-001  1.9572111e+000
  7.1701747e-001  1.9168501e+000
  7.1374807e-001  1.8955956e+000
  7.1702023e-001  1.8804230e+000
  6.9970478e-001  1.9657854e+000
  7.2047345e-001  1.9125292e+000
  7.0071683e-001  1.8768434e+000
  7.0105193e-001  1.9369829e+000
  7.0247708e-001  1.8951161e+000
  7.0802342e-001  1.9453986e+000
  7.0485568e-001  1.9405334e+000
  7.0634632e-001  1.9413249e+000
  7.0489486e-001  1.9523854e+000
  7.0013898e-001  1.8925704e+000
  7.0877121e-001  1.8840587e+000
 -3.3525860e-001  1.9153541e+000
 -3.4914891e-001  1.9347236e+000
 -3.5017064e-001  1.8783522e+000
 -3.4055371e-001  1.7654198e+000
 -3.3744414e-001  1.7131919e+000
 -3.3413452e-001  1.6136563e+000
 -3.4736045e-001  1.4545820e+000
 -3.3222487e-001  1.4022434e+000
 -3.3271332e-001  1.2636986e+000
 -3.4168881e-001  1.1065957e+000
 -3.3298817e-001  9.5352398e-001
 -3.3839720e-001  8.8318712e-001
 -3.5049730e-001  7.9269710e-001
 -3.3432955e-001  6.7995755e-001
 -3.3183832e-001  5.5840021e-001
 -3.4748227e-001  5.0941314e-001
 -3.5353160e-001  4.1671281e-001
 -3.4561981e-001  2.8947203e-001
 -3.5447803e-001  2.3948427e-001
 -3.3831855e-001  1.9770060e-001
 -3.3453342e-001  1.5778733e-001
 -3.4894663e-001  1.1089809e-001
 -3.4709480e-001  3.4343708e-002
 -3.4398946e-001  3.7475528e-002
 -3.4077391e-001 -8.4121182e-002
 -3.3516580e-001 -9.3975989e-002
 -3.5027813e-001 -6.9639991e-002
 -3.4482519e-001 -1.6696740e-001
 -3.4075670e-001 -1.3499731e-001
 -3.5183942e-001 -1.8935860e-001
 -3.4653986e-001 -1.7292856e-001
 -3.3273407e-001 -2.7549208e-001
 -3.3143230e-001 -2.5763027e-001
 -3.3359949e-001 -2.9825097e-001
 -3.4717457e-001 -3.2372404e-001
 -3.4106071e-001 -2.6143681e-001
 -3.4435432e-001 -3.1087398e-001
 -3.4604191e-001 -3.5460500e-001
 -3.4449755e-001 -3.0976282e-001
 -3.4946974e-001 -3.7512541e-001
 -3.4665984e-001 -3.1757245e-001
 -3.3819551e-001 -3.2610368e-001
 -3.3193716e-001 -3.7643549e-001
 -3.4931294e-001 -3.6372482e-001
 -3.3911130e-001 -3.7809346e-001
 -3.4919614e-001 -3.5101848e-001
 -3.4168606e-001 -3.6607379e-001
 -3.3383016e-001 -4.0622206e-001
 -3.5427602e-001 -3.7800429e-001
 -3.3402399e-001 -4.0787196e-001
 -3.4966664e-001 -4.0193457e-001
 -3.3523685e-001 -4.0666760e-001
 -3.3742390e-001 -3.6910353e-001
 -3.3470163e-001 -3.7245559e-001
 -3.3877860e-001 -3.6290657e-001
 -3.4563560e-001 -3.3776936e-001
 -3.4578575e-001 -4.2838302e-001
 -3.4754994e-001 -3.7430082e-001
 -3.3998490e-001 -3.8975289e-001
 -3.5502332e-001 -3.8698298e-001
 -3.5272914e-001 -3.5992900e-001
 -3.3137657e-001 -3.6780610e-001
 -3.3381826e-001 -3.7949891e-001
 -3.5058810e-001 -3.8448212e-001
 -3.4664163e-001 -3.5387883e-001
 -3.4068209e-001 -3.5661538e-001
 -3.4231088e-001 -4.0067834e-001
 -3.4969772e-001 -4.2411917e-001
 -3.4961424e-001 -4.3421404e-001
  7.5082432e-001 -4.2996105e-001
  7.5939054e-001 -3.7200593e-001
  7.5453774e-001 -3.6945102e-001
  7.6594903e-001 -2.2521820e-001
  7.5434647e-001 -1.5547354e-001
  7.5207608e-001 -5.4152691e-002
  7.5402712e-001  1.0807310e-001
  7.6486790e-001  1.7786954e-001
  7.6536041e-001  2.8245269e-001
  7.6096082e-001  4.8976169e-001
  7.5609664e-001  5.9312279e-001
  7.5533604e-001  7.2042472e-001
  7.6783887e-001  7.6227799e-001
  7.6613236e-001  8.7988753e-001
  7.5991891e-001  1.0031762e+000
  7.6765774e-001  1.0660311e+000
  7.5809438e-001  1.1582392e+000
  7.6448010e-001  1.3128576e+000
  7.5858392e-001  1.3768727e+000
  7.5763804e-001  1.3649796e+000
  7.5456097e-001  1.4614855e+000
  7.6077243e-001  1.5391754e+000
  7.6232456e-001  1.5556503e+000
  7.6970596e-001  1.6127610e+000
  7.5055565e-001  1.6411101e+000
  7.7060338e-001  1.7372479e+000
  7.6513038e-001  1.6974798e+000
  7.6347869e-001  1.7746507e+000
  7.5535855e-001  1.8292740e+000
  7.7258500e-001  1.8382507e+000
  7.7337116e-001  1.8590481e+000
  7.5012295e-001  1.8548458e+000
  7.6954301e-001  1.8859288e+000
  7.6616714e-001  1.8610670e+000
  7.7128903e-001  1.9377436e+000
  7.5705165e-001  1.9576081e+000
  7.6688860e-001  1.9277083e+000
  7.5942255e-001  1.9152942e+000
  7.5769808e-001  1.9305885e+000
  7.5103957e-001  1.9958246e+000
  7.5895027e-001  1.9356877e+000
  7.6443910e-001  1.9891768e+000
  7.6378681e-001  1.9976453e+000
  7.6836622e-001  1.9722522e+000
  7.6386007e-001  2.0362896e+000
  7.7237866e-001  1.9860288e+000
  7.6342108e-001  1.9775130e+000
  7.7294211e-001  2.0013520e+000
  7.6645338e-001  2.0357215e+000
  7.5510939e-001  1.9866517e+000
  7.6745861e-001  1.9605253e+000
  7.5627781e-001  1.9671407e+000
  7.6333955e-001  1.9751480e+000
  7.6847929e-001  2.0503240e+000
  7.7107404e-001  1.9866889e+000
  7.5666692e-001  2.0170781e+000
  7.5238302e-001  1.9722699e+000
  7.5064664e-001  2.0336824e+000
  7.5172466e-001  1.9829860e+000
  7.6958001e-001  2.0340505e+000
  7.5332876e-001  2.0543644e+000
  7.6589814e-001  2.0038187e+000
  7.6491048e-001  1.9922610e+000
  7.7057517e-001  2.0203247e+000
  7.7272972e-001  2.0258025e+000
  7.5172647e-001  2.0027604e+000
  7.6929971e-001  2.0523566e+000
  7.6269730e-001  2.0066266e+000
  7.5757016e-001  1.9853039e+000
 -1.3912359e-001  1.9813111e+000
 -1.5421962e-001  2.0325080e+000
 -1.3682324e-001  1.9591854e+000
 -1.5504498e-001  1.9016672e+000
 -1.4816228e-001  1.8002429e+000
 -1.3800989e-001  1.7372102e+000
 -1.5118344e-001  1.5628125e+000
 -1.5057137e-001  1.4363505e+000
 -1.5861547e-001  1.4013180e+000
 -1.3640068e-001  1.2807228e+000
 -1.5478416e-001  1.1191379e+000
 -1.5141119e-001  9.8806819e-001
 -1.5339786e-001  8.5991813e-001
 -1.3922723e-001  7.9618504e-001
 -1.5043967e-001  7.3046303e-001
 -1.5382421e-001  6.2999916e-001
 -1.5362702e-001  5.1541873e-001
 -1.4502623e-001  4.8448175e-001
 -1.5534474e-001  3.7983438e-001
 -1.4681042e-001  3.0990435e-001
 -1.3824959e-001  3.3513816e-001
 -1.5462305e-001  2.1728069e-001
 -1.4883639e-001  1.8465777e-001
 -1.4225566e-001  1.8744637e-001
 -1.3629702e-001  1.0219182e-001
 -1.3836971e-001  2.8673300e-002
 -1.4595669e-001  2.0917109e-002
 -1.4822477e-001 -6.0826603e-003
 -1.4448673e-001 -4.3701292e-002
 -1.3744123e-001 -6.9546626e-002
 -1.5870530e-001 -3.6340703e-002
 -1.3630476e-001 -1.0930625e-001
 -1.4310112e-001 -8.1738580e-002
 -1.4236605e-001 -1.3140254e-001
 -1.3744603e-001 -9.5299064e-002
 -1.5128582e-001 -1.2418480e-001
 -1.4189278e-001 -1.7482104e-001
 -1.4562965e-001 -1.3401134e-001
 -1.5132367e-001 -1.7852244e-001
 -1.3978528e-001 -1.9999832e-001
 -1.4009054e-001 -2.0377600e-001
 -1.5588132e-001 -2.2637335e-001
 -1.3640537e-001 -1.4821953e-001
 -1.4434999e-001 -1.8593152e-001
 -1.4977336e-001 -2.2118862e-001
 -1.4879147e-001 -1.7186781e-001
 -1.5679092e-001 -2.0142268e-001
 -1.4788502e-001 -1.9780439e-001
 -1.4357923e-001 -2.1499564e-001
 -1.4279314e-001 -2.4896102e-001
 -1.4405584e-001 -2.4232183e-001
 -1.3930979e-001 -2.5013351e-001
 -1.4546768e-001 -2.4194968e-001
 -1.4992752e-001 -2.4437489e-001
 -1.5661491e-001 -1.8803601e-001
 -1.4984968e-001 -2.1355673e-001
 -1.5836222e-001 -2.4714617e-001
 -1.3883052e-001 -1.9732510e-001
 -1.4371291e-001 -2.5205513e-001
 -1.4866004e-001 -2.3526412e-001
 -1.5428589e-001 -2.0539804e-001
 -1.5222213e-001 -2.5008808e-001
 -1.3684512e-001 -2.5453802e-001
 -1.5668389e-001 -2.1780121e-001
 -1.3592884e-001 -2.8154084e-001
 -1.4886252e-001 -2.0938217e-001
 -1.5695664e-001 -2.5978456e-001
 -1.3715666e-001 -1.8603519e-001
 -1.5454695e-001 -2.0855380e-001
 -1.0309527e-001 -2.1521391e-001
 -8.7829337e-002 -2.1447302e-001
 -9.7607640e-002 -2.7319453e-001
 -1.0481323e-001 -2.4501913e-001
 -9.3995399e-002 -1.8968203e-001
 -9.5328415e-002 -2.4779525e-001
 -1.0668313e-001 -2.7309480e-001
 -1.0008084e-001 -2.4950716e-001
 -8.8630407e-002 -1.9519361e-001
 -1.0646501e-001 -1.9657291e-001
 -8.8271212e-002 -2.0923192e-001
 -8.7585890e-002 -2.3945712e-001
 -9.5187959e-002 -2.0869342e-001
 -1.0976612e-001 -2.2530451e-001
 -9.3064520e-002 -2.0069868e-001
 -8.8215017e-002 -2.0209659e-001
 -9.6442931e-002 -2.2144940e-001
 -8.8404077e-002 -2.1178908e-001
 -8.7767140e-002 -1.9921866e-001
 -9.6525989e-002 -2.1682096e-001
 -1.0855986e-001 -1.8380905e-001
 -1.0055653e-001 -2.3188563e-001
 -1.0332886e-001 -1.8974183e-001
 -9.4375487e-002 -1.5696183e-001
 -1.0560318e-001 -1.9771253e-001
 -9.5119822e-002 -2.0798966e-001
 -9.9707593e-002 -1.3419245e-001
 -1.0703474e-001 -1.3570886e-001
 -9.2437590e-002 -2.1264263e-001
 -1.0896860e-001 -1.7385692e-001
 -1.0438620e-001 -1.3743977e-001
 -1.0478359e-001 -1.8874404e-001
 -9.1912335e-002 -2.0267900e-001
 -9.6519418e-002 -1.3975332e-001
 -8.9332345e-002 -2.0048720e-001
 -1.0701805e-001 -1.4310442e-001
 -1.0487817e-001 -1.7281332e-001
 -1.0028792e-001 -1.6211973e-001
 -9.5602778e-002 -1.4823455e-001
 -9.8519660e-002 -1.9060840e-001
 -9.0661764e-002 -1.8820223e-001
 -9.8914843e-002 -1.3045877e-001
 -9.9378314e-002 -1.2461012e-001
 -8.9134285e-002 -1.9197283e-001
 -1.0749713e-001 -1.6312120e-001
 -9.1596217e-002 -2.1860380e-001
 -8.8841255e-002 -1.6824090e-001
 -1.0938219e-001 -2.2001502e-001
 -8.7617814e-002 -1.5420614e-001
 -9.3362427e-002 -1.8860238e-001
 -1.0068866e-001 -1.2330340e-001
 -9.9290440e-002 -1.9600078e-001
 -1.0254786e-001 -1.8783683e-001
 -1.0153660e-001 -1.2286387e-001
 -9.9496558e-002 -1.2549715e-001
 -1.1004633e-001 -1.8531852e-001
 -9.9410477e-002 -1.6446110e-001
 -1.0965655e-001 -1.3989370e-001
 -1.0525371e-001 -1.2306659e-001
 -1.0918944e-001 -2.1484778e-001
 -8.8642080e-002 -1.4458661e-001
 -8.8294684e-002 -1.2736798e-001
 -9.5510801e-002 -1.4455493e-001
 -9.2121968e-002 -1.2645810e-001
 -9.1384736e-002 -1.4957864e-001
 -1.0260137e-001 -1.3533660e-001
 -9.3400346e-002 -1.7956861e-001
 -1.0718937e-001 -1.5281278e-001
 -1.0578726e-001 -1.6173764e-001
  3.8441766e-001 -1.8427627e-001
  3.6447659e-001 -2.1182712e-001
  3.7133165e-001 -2.0059778e-001
  3.6095808e-001 -1.3145551e-001
  3.8203497e-001 -1.1225833e-001
  3.8020818e-001 -3.5936298e-002
  3.6359942e-001  9.4048543e-002
  3.6168316e-001  8.7159643e-002
  3.6359588e-001  1.9092238e-001
  3.7401994e-001  2.5445039e-001
  3.6138327e-001  3.3003542e-001
  3.6285302e-001  3.2196499e-001
  3.7802682e-001  3.5516647e-001
  3.7440594e-001  4.2454446e-001
  3.7772055e-001  4.4778752e-001
  3.7379359e-001  5.2252630e-001
  3.6379572e-001  5.4019986e-001
  3.6450670e-001  5.6247529e-001
  3.6350363e-001  6.8355116e-001
  3.7239199e-001  6.5907716e-001
  3.7643171e-001  7.4548954e-001
  3.7735081e-001  7.6183341e-001
  3.7178386e-001  7.4464885e-001
  3.6458064e-001  8.0400970e-001
  3.7649719e-001  8.3617435e-001
  3.6169061e-001  8.4751933e-001
  3.6176873e-001  8.1595992e-001
  3.6405762e-001  8.1471623e-001
  3.8230350e-001  8.9281409e-001
  3.8114232e-001  8.3863394e-001
  3.8174279e-001  8.9337437e-001
  3.7553381e-001  8.5832703e-001
  3.7273861e-001  8.7655706e-001
  3.7546746e-001  9.3552383e-001
  3.6359583e-001  9.0330785e-001
  3.8269385e-001  9.1853401e-001
  3.6843283e-001  9.1962782e-001
  3.7796592e-001  9.6992265e-001
  3.6347212e-001  8.9861411e-001
  3.8214701e-001  9.5640310e-001
  3.6107370e-001  9.2314892e-001
  3.7779911e-001  9.8951838e-001
  3.7162118e-001  9.3345671e-001
  3.6400630e-001  9.1215291e-001
  3.7774310e-001  9.4592409e-001
  3.6505119e-001  9.7069803e-001
  3.8438185e-001  9.6633699e-001
  3.8386078e-001  9.5082132e-001
  3.7530751e-001  9.4169691e-001
  3.6076412e-001  9.5383999e-001
  3.7854707e-001  9.9339834e-001
  3.8033483e-001  9.8679688e-001
  3.6152167e-001  9.1351411e-001
  3.7746252e-001  9.7130848e-001
  3.8249976e-001  9.9362939e-001
  3.6289600e-001  9.6434622e-001
  3.7916353e-001  9.7775321e-001
  3.6436021e-001  9.8228969e-001
  3.6932958e-001  9.7541983e-001
  3.7821641e-001  9.7949981e-001
  3.7237901e-001  9.7702360e-001
  3.6328192e-001  9.3534295e-001
  3.8399861e-001  9.7708727e-001
  3.6283496e-001  9.7775657e-001
  3.7886615e-001  9.5975539e-001
  3.7591072e-001  9.5643128e-001
  3.8303677e-001  1.0066850e+000
  3.6964513e-001  1.0147991e+000
  3.8391324e-001  9.9916630e-001
 -3.8989072e-001  9.5229885e-001
 -3.8238321e-001  9.2757822e-001
 -3.7634371e-001  9.3485725e-001
 -3.9292683e-001  8.7075549e-001
 -3.8742281e-001  8.3273738e-001
 -3.8541760e-001  7.6426345e-001
 -3.8645479e-001  6.7021296e-001
 -3.9409882e-001  6.4788676e-001
 -3.8395516e-001  5.1768351e-001
 -3.9594536e-001  4.7156797e-001
 -3.7593196e-001  3.7289153e-001
 -3.7964102e-001  3.1076691e-001
 -3.8421095e-001  3.1520658e-001
 -3.9562723e-001  2.7658276e-001
 -3.9080203e-001  2.1339880e-001
 -3.9269521e-001  1.1704648e-001
 -3.8805083e-001  9.5949716e-002
 -3.8963754e-001 -1.8723928e-002
 -3.9056862e-001  1.5941531e-002
 -3.8677106e-001 -1.7718603e-002
 -3.7467318e-001 -1.1293728e-001
 -3.7634083e-001 -7.9050776e-002
 -3.7781533e-001 -1.8403864e-001
 -3.8775225e-001 -1.3026328e-001
 -3.8980419e-001 -1.5497923e-001
 -3.7518882e-001 -1.7867023e-001
 -3.8224196e-001 -2.0910371e-001
 -3.8022832e-001 -2.3878786e-001
 -3.8292543e-001 -3.0397242e-001
 -3.7529757e-001 -2.8608618e-001
 -3.9384407e-001 -2.5353366e-001
 -3.8023307e-001 -3.0221082e-001
 -3.8317947e-001 -3.0621851e-001
 -3.9011604e-001 -3.0470197e-001
 -3.7734297e-001 -3.5689786e-001
 -3.8513009e-001 -3.7518213e-001
 -3.8798534e-001 -3.2661582e-001
 -3.9236471e-001 -3.1802291e-001
 -3.9443462e-001 -3.2735145e-001
 -3.9016943e-001 -3.1248225e-001
 -3.8183225e-001 -4.1305875e-001
 -3.8804493e-001 -3.7938041e-001
 -3.8729248e-001 -4.0381448e-001
 -3.7933037e-001 -4.1300524e-001
 -3.8086552e-001 -4.0673314e-001
 -3.9182181e-001 -4.1050263e-001
 -3.9358839e-001 -3.7154537e-001
 -3.7249882e-001 -3.4312376e-001
 -3.8966333e-001 -4.0401442e-001
 -3.9588430e-001 -3.6171078e-001
 -3.9072192e-001 -4.3644701e-001
 -3.7984952e-001 -3.6727720e-001
 -3.9025312e-001 -4.2883261e-001
 -3.8397025e-001 -3.8980558e-001
 -3.7438150e-001 -3.4859070e-001
 -3.7744294e-001 -3.7089816e-001
 -3.7541847e-001 -3.8310666e-001
  7.0294461e-001 -3.6622784e-001
